ID,Size,Predicted,Actual
0,1,0.000001,NO
1,23,0.000109,NO
2,4,0.000036,NO
3,2,0.000018,NO
4,8,0.000011,NO
5,18,0.999989,NO
6,2,0.000109,NO
7,7,0.000011,NO
8,2,0.000009,NO
9,7,0.000018,NO
10,49,0.000109,NO
11,23,0.000109,NO
12,1,0.421053,NO
13,6,0.000109,NO
14,1,0.000000,NO
15,0,0.000012,NO
16,27,0.000109,NO
17,30,0.000109,NO
18,1,0.000001,NO
19,1,0.125000,NO
20,3,0.227274,NO
21,10,0.000109,NO
22,3,0.000109,NO
23,1,0.125000,NO
24,8,0.000036,NO
25,5,0.000109,NO
26,1,0.083893,NO
27,9,0.000109,NO
28,5,0.000109,NO
29,16,0.000109,NO
30,0,0.000008,NO
31,0,0.000003,NO
32,4,0.000022,NO
33,3,0.000109,NO
34,1,0.083893,NO
35,2,0.000109,NO
36,4,0.000012,NO
37,6,0.000109,NO
38,1,0.000109,NO
39,4,0.000109,NO
40,8,0.000109,NO
41,1,0.088496,NO
42,1,0.083893,NO
43,7,0.000005,NO
44,17,0.000109,NO
45,5,0.000009,NO
46,0,0.000010,NO
47,25,0.000109,NO
48,8,0.999989,NO
49,1,0.000109,NO
50,0,0.000004,NO
51,1,0.421053,NO
52,0,0.000003,NO
53,0,0.000003,NO
54,1,0.125000,NO
55,1,0.000005,NO
56,3,0.000004,NO
57,1,0.000000,NO
58,1,0.042553,NO
59,0,0.000001,NO
60,0,0.000002,NO
61,0,0.000005,NO
62,8,0.000016,NO
63,3,0.000109,NO
64,3,0.000036,NO
65,2,0.000109,NO
66,1,0.000000,NO
67,1,0.000109,NO
68,1,0.454546,NO
69,34,0.000109,NO
70,1,0.000000,NO
71,9,0.000109,NO
72,6,0.000005,NO
73,2,0.000109,NO
74,2,0.000109,NO
75,13,0.000109,NO
76,1,0.042553,NO
77,0,0.000002,NO
78,0,0.000001,NO
79,12,0.000109,NO
80,0,0.000109,NO
81,1,0.325204,NO
82,1,0.000000,NO
83,0,0.000003,NO
84,1,0.083893,NO
85,18,0.000109,NO
86,13,0.000109,NO
87,3,0.000004,NO
88,1,0.000000,NO
89,1,0.000000,NO
90,3,0.000109,NO
91,2,0.325204,NO
92,14,0.000109,NO
93,1,0.042553,NO
94,10,0.000109,NO
95,0,0.000001,NO
96,59,0.000109,NO
97,0,0.000005,NO
98,0,0.000002,NO
99,1,0.083893,NO
100,0,0.000109,NO
101,0,0.714282,NO
102,7,0.000005,NO
103,3,0.000006,NO
104,7,0.000109,NO
105,36,0.000109,NO
106,1,0.000000,NO
107,1,0.042553,NO
108,0,0.000002,NO
109,4,0.895521,NO
110,6,0.000109,NO
111,3,0.000109,NO
112,7,0.000109,NO
113,0,0.000006,NO
114,5,0.000005,NO
115,2,0.000001,NO
116,1,0.083893,NO
117,4,0.000004,NO
118,0,0.000003,NO
119,9,0.000014,NO
120,3,0.454546,NO
121,19,0.000109,NO
122,1,0.000003,NO
123,1,0.042553,NO
124,1,0.000000,NO
125,12,0.000054,NO
126,5,0.000109,NO
127,14,0.999989,NO
128,7,0.000036,NO
129,1,0.000022,NO
130,1,0.088496,NO
131,1,0.000000,NO
132,1,0.000109,NO
133,10,0.000109,NO
134,1,0.000000,NO
135,1,0.000016,NO
136,1,0.083893,NO
137,0,0.000001,NO
138,2,0.000003,NO
139,1,0.083893,NO
140,1,0.000001,NO
141,1,0.042553,NO
142,0,0.000002,NO
143,2,0.000009,NO
144,1,0.042553,NO
145,0,0.000009,NO
146,3,0.344829,NO
147,1,0.665962,NO
148,1,0.421053,NO
149,0,0.000001,NO
150,0,0.000002,NO
151,5,0.000036,NO
152,1,0.042553,NO
153,7,0.000018,NO
154,1,0.083893,NO
155,0,0.000109,NO
156,3,0.000022,NO
157,5,0.000109,NO
158,11,0.000036,NO
159,0,0.000006,NO
160,1,0.000001,NO
161,4,0.000004,NO
162,3,0.000004,NO
163,6,0.000109,NO
164,0,0.000036,NO
165,7,0.000109,NO
166,1,0.421053,NO
167,1,0.325204,NO
168,0,0.000003,NO
169,1,0.083893,NO
170,5,0.000009,NO
171,22,0.000109,NO
172,28,0.000109,NO
173,8,0.000036,NO
174,1,0.000000,NO
175,14,0.000109,NO
176,20,0.000109,NO
177,1,0.042553,NO
178,5,0.000016,NO
179,1,0.042553,NO
180,1,0.000016,NO
181,8,0.000109,NO
182,1,0.000011,NO
183,0,0.000002,NO
184,2,0.000022,NO
185,3,0.000004,NO
186,13,0.000109,NO
187,0,0.000002,NO
188,2,0.000016,NO
189,7,0.000109,NO
190,1,0.000000,NO
191,1,0.000001,NO
192,3,0.000006,NO
193,0,0.000027,NO
194,9,0.000014,NO
195,5,0.000109,NO
196,1,0.000001,NO
197,3,0.333335,NO
198,1,0.325204,NO
199,0,0.000003,NO
200,1,0.125000,NO
201,7,0.000109,NO
202,23,0.000109,NO
203,1,0.042553,NO
204,1,0.042553,NO
205,1,0.665962,NO
206,32,0.000109,NO
207,7,0.000109,NO
208,6,0.000109,NO
209,1,0.000000,NO
210,1,0.042553,NO
211,0,0.000002,NO
212,3,0.000004,NO
213,0,0.000002,NO
214,2,0.999989,NO
215,16,0.000109,NO
216,16,0.000109,NO
217,1,0.000000,NO
218,0,0.000001,NO
219,13,0.000109,NO
220,1,0.000008,NO
221,4,0.000109,NO
222,16,0.000109,NO
223,1,0.000000,NO
224,2,0.000009,NO
225,0,0.000005,NO
226,113,0.000109,NO
227,13,0.000109,NO
228,0,0.000001,NO
229,0,0.000006,NO
230,2,0.149255,NO
231,4,0.000008,NO
232,17,0.000109,NO
233,14,0.000054,NO
234,1,0.000005,NO
235,1,0.042553,NO
236,0,0.000006,NO
237,13,0.000109,NO
238,1,0.000000,NO
239,4,0.000036,NO
240,8,0.000109,NO
241,6,0.000054,NO
242,72,0.000109,NO
243,2,0.000004,NO
244,2,0.149255,NO
245,4,0.000011,NO
246,6,0.000006,NO
247,2,0.769229,NO
248,0,0.000009,NO
249,1,0.665962,NO
250,7,0.000109,NO
251,2,0.000109,NO
252,1,0.325204,NO
253,1,0.000000,NO
254,1,0.421053,NO
255,17,0.000109,NO
256,1,0.000005,NO
257,0,0.000001,NO
258,1,0.000002,NO
259,0,0.000005,NO
260,1,0.000004,NO
261,4,0.000109,NO
262,58,0.000109,NO
263,1,0.088496,NO
264,0,0.000005,NO
265,3,0.967742,NO
266,0,0.000022,NO
267,4,0.000036,NO
268,13,0.000109,NO
269,6,0.000109,NO
270,0,0.000002,NO
271,14,0.000109,NO
272,1,0.083893,NO
273,13,0.000109,NO
274,9,0.000109,NO
275,3,0.000022,NO
276,4,0.000109,NO
277,0,0.000002,NO
278,1,0.000109,NO
279,0,0.000003,NO
280,0,0.000002,NO
281,4,0.000109,NO
282,2,0.000109,NO
283,0,0.000001,NO
284,8,0.000109,NO
285,0,0.000002,NO
286,5,0.000109,NO
287,11,0.000109,NO
288,3,0.000010,NO
289,5,0.000054,NO
290,1,0.125000,NO
291,1,0.042553,NO
292,0,0.000002,NO
293,1,0.000016,NO
294,1,0.665962,NO
295,5,0.000027,NO
296,0,0.000001,NO
297,4,0.000004,NO
298,0,0.000003,NO
299,4,0.000109,NO
300,0,0.000054,NO
301,17,0.000109,NO
302,1,0.000000,NO
303,3,0.000006,NO
304,4,0.000005,NO
305,12,0.000109,NO
306,1,0.000000,NO
307,4,0.000036,NO
308,1,0.000001,NO
309,1,0.042553,NO
310,0,0.000012,NO
311,0,0.000003,NO
312,1,0.000000,NO
313,1,0.083893,NO
314,1,0.000000,NO
315,0,0.129871,NO
316,4,0.000005,NO
317,0,0.000002,NO
318,17,0.000054,NO
319,1,0.000000,NO
320,13,0.000109,NO
321,1,0.125000,NO
322,1,0.000001,NO
323,1,0.000000,NO
324,13,0.000109,NO
325,0,0.000002,NO
326,1,0.042553,NO
327,6,0.000006,NO
328,17,0.000109,NO
329,10,0.000109,NO
330,2,0.000002,NO
331,13,0.000109,NO
332,45,0.000109,NO
333,0,0.000001,NO
334,1,0.042553,NO
335,2,0.000109,NO
336,1,0.000109,NO
337,0,0.000002,NO
338,5,0.000109,NO
339,9,0.000036,NO
340,4,0.000004,NO
341,5,0.000054,NO
342,1,0.083893,NO
343,0,0.000002,NO
344,1,0.042553,NO
345,4,0.000018,NO
346,0,0.000001,NO
347,1,0.000002,NO
348,1,0.325204,NO
349,2,0.000004,NO
350,2,0.000007,NO
351,1,0.000000,NO
352,1,0.088496,NO
353,0,0.000002,NO
354,12,0.000109,NO
355,0,0.129871,NO
356,0,0.000003,NO
357,33,0.000109,NO
358,1,0.042553,NO
359,17,0.000054,NO
360,0,0.000001,NO
361,0,0.000007,NO
362,13,0.000109,NO
363,1,0.125000,NO
364,4,0.000006,NO
365,1,0.665962,NO
366,2,0.000002,NO
367,6,0.000109,NO
368,3,0.400001,NO
369,4,0.000003,NO
370,10,0.000018,NO
371,0,0.000003,NO
372,6,0.000109,NO
373,0,0.000003,NO
374,8,0.000006,NO
375,9,0.000036,NO
376,7,0.000109,NO
377,1,0.125000,NO
378,1,0.042553,NO
379,1,0.083893,NO
380,1,0.000000,NO
381,5,0.000109,NO
382,16,0.000109,NO
383,0,0.000004,NO
384,8,0.000006,NO
385,9,0.000036,NO
386,8,0.000054,NO
387,0,0.000012,NO
388,2,0.000109,NO
389,16,0.000109,NO
390,11,0.000109,NO
391,1,0.000000,NO
392,1,0.000027,NO
393,2,0.000109,NO
394,1,0.421053,NO
395,0,0.000008,NO
396,1,0.000109,NO
397,2,0.000027,NO
398,2,0.285716,NO
399,1,0.000010,NO
400,1,0.325204,NO
401,5,0.000109,NO
402,3,0.000036,NO
403,38,0.999989,NO
404,1,0.125000,NO
405,1,0.000011,NO
406,9,0.000018,NO
407,0,0.000003,NO
408,2,0.000027,NO
409,0,0.000003,NO
410,6,0.000006,NO
411,23,0.000109,NO
412,1,0.000000,NO
413,4,0.000014,NO
414,1,0.000000,NO
415,8,0.000016,NO
416,0,0.000003,NO
417,13,0.000109,NO
418,8,0.000109,NO
419,1,0.042553,NO
420,0,0.000007,NO
421,1,0.665962,NO
422,1,0.665962,NO
423,0,0.000001,NO
424,14,0.000054,NO
425,0,0.000004,NO
426,2,0.000027,NO
427,0,0.000002,NO
428,9,0.000054,NO
429,8,0.000054,NO
430,3,0.000006,NO
431,1,0.000001,NO
432,6,0.000027,NO
433,1,0.000001,NO
434,4,0.000109,NO
435,1,0.083893,NO
436,6,0.000005,NO
437,2,0.000054,NO
438,1,0.000001,NO
439,1,0.000000,NO
440,15,0.000109,NO
441,1,0.000003,NO
442,9,0.000109,NO
443,8,0.000054,NO
444,29,0.000109,NO
445,5,0.000054,NO
446,8,0.000036,NO
447,1,0.000000,NO
448,1,0.665962,NO
449,1,0.083893,NO
450,1,0.000000,NO
451,0,0.000003,NO
452,1,0.000001,NO
453,7,0.000109,NO
454,1,0.000000,NO
455,1,0.042553,NO
456,1,0.000000,NO
457,9,0.000036,NO
458,9,0.000109,NO
459,0,0.000027,NO
460,1,0.125000,NO
461,9,0.000054,NO
462,5,0.000109,NO
463,1,0.083893,NO
464,3,0.000006,NO
465,22,0.000109,NO
466,1,0.000010,NO
467,2,0.000109,NO
468,1,0.000001,NO
469,3,0.400001,NO
470,0,0.000001,NO
471,12,0.000054,NO
472,37,0.000109,NO
473,7,0.000011,NO
474,1,0.042553,NO
475,1,0.000000,NO
476,32,0.000109,NO
477,0,0.344829,NO
478,1,0.000001,NO
479,4,0.000014,NO
480,5,0.000012,NO
481,4,0.000036,NO
482,6,0.000109,NO
483,3,0.000109,NO
484,2,0.000109,NO
485,0,0.000001,NO
486,18,0.000109,NO
487,0,0.000109,NO
488,1,0.083893,NO
489,0,0.000003,NO
490,8,0.000054,NO
491,6,0.000036,NO
492,27,0.000109,NO
493,0,0.000003,NO
494,13,0.000109,NO
495,1,0.665962,NO
496,1,0.000011,NO
497,37,0.000109,NO
498,3,0.000005,NO
499,1,0.000036,NO
500,4,0.000022,NO
501,0,0.000001,NO
502,17,0.000109,NO
503,1,0.000001,NO
504,6,0.000109,NO
505,6,0.000006,NO
506,22,0.000109,NO
507,1,0.083893,NO
508,1,0.000000,NO
509,17,0.000109,NO
510,1,0.000001,NO
511,8,0.000109,NO
512,1,0.000022,NO
513,1,0.000000,NO
514,8,0.000006,NO
515,1,0.421053,NO
516,0,0.000054,NO
517,1,0.000000,NO
518,5,0.000022,NO
519,6,0.000109,NO
520,1,0.042553,NO
521,0,0.000001,NO
522,33,0.000109,NO
523,1,0.000000,NO
524,1,0.000018,NO
525,1,0.000000,NO
526,2,0.285716,NO
527,1,0.083893,NO
528,12,0.000109,NO
529,1,0.042553,NO
530,1,0.000001,NO
531,5,0.000109,NO
532,9,0.000109,NO
533,2,0.000008,NO
534,1,0.042553,NO
535,1,0.665962,NO
536,25,0.000109,NO
537,16,0.000109,NO
538,1,0.665962,NO
539,1,0.042553,NO
540,1,0.325204,NO
541,3,0.000027,NO
542,2,0.000036,NO
543,6,0.000109,NO
544,13,0.000109,NO
545,7,0.000109,NO
546,3,0.000006,NO
547,10,0.000109,NO
548,0,0.000001,NO
549,1,0.000000,NO
550,1,0.000000,NO
551,18,0.000054,NO
552,5,0.000018,NO
553,10,0.000109,NO
554,16,0.000109,NO
555,1,0.000001,NO
556,52,0.999989,NO
557,1,0.000000,NO
558,9,0.000012,NO
559,16,0.000109,NO
560,11,0.000109,NO
561,1,0.083893,NO
562,39,0.000109,NO
563,0,0.000109,NO
564,0,0.000005,NO
565,8,0.000054,NO
566,4,0.000109,NO
567,4,0.999989,NO
568,58,0.000109,NO
569,1,0.000000,NO
570,0,0.000001,NO
571,0,0.000003,NO
572,0,0.000003,NO
573,0,0.000002,NO
574,3,0.000006,NO
575,4,0.000003,NO
576,11,0.000109,NO
577,1,0.000002,NO
578,4,0.000010,NO
579,1,0.000022,NO
580,16,0.999989,NO
581,1,0.125000,NO
582,2,0.000027,NO
583,1,0.000000,NO
584,1,0.083893,NO
585,7,0.000109,NO
586,1,0.999995,NO
587,27,0.000109,NO
588,1,0.000002,NO
589,0,0.129871,NO
590,1,0.000000,NO
591,0,0.000008,NO
592,4,0.000006,NO
593,0,0.000002,NO
594,1,0.000000,NO
595,6,0.000054,NO
596,0,0.000001,NO
597,8,0.000006,NO
598,0,0.000109,NO
599,2,0.000109,NO
600,3,0.000006,NO
601,1,0.000018,NO
602,0,0.000002,NO
603,11,0.000109,NO
604,9,0.000109,NO
605,1,0.000000,NO
606,1,0.625000,NO
607,1,0.000000,NO
608,10,0.000016,NO
609,1,0.000000,NO
610,1,0.083893,NO
611,0,0.000027,NO
612,6,0.000006,NO
613,6,0.000007,NO
614,1,0.042553,NO
615,6,0.000054,NO
616,1,0.000109,NO
617,10,0.000014,NO
618,0,0.000006,NO
619,7,0.000011,NO
620,5,0.000009,NO
621,0,0.000002,NO
622,4,0.833327,NO
623,47,0.999989,NO
624,6,0.000109,NO
625,1,0.000036,NO
626,1,0.000002,NO
627,3,0.000006,NO
628,18,0.999989,NO
629,1,0.042553,NO
630,0,0.000008,NO
631,25,0.000109,NO
632,3,0.000054,NO
633,11,0.000109,NO
634,1,0.042553,NO
635,1,0.042553,NO
636,9,0.000036,NO
637,2,0.476191,NO
638,15,0.000109,NO
639,0,0.000001,NO
640,9,0.000109,NO
641,3,0.000109,NO
642,0,0.000002,NO
643,4,0.000003,NO
644,8,0.000054,NO
645,1,0.000000,NO
646,0,0.000008,NO
647,1,0.665962,NO
648,1,0.083893,NO
649,83,0.000109,NO
650,1,0.000001,NO
651,4,0.000036,NO
652,8,0.000109,NO
653,1,0.083893,NO
654,0,0.000008,NO
655,1,0.087720,NO
656,4,0.000016,NO
657,3,0.000109,NO
658,1,0.000054,NO
659,16,0.000109,NO
660,0,0.000002,NO
661,0,0.000001,NO
662,1,0.042553,NO
663,7,0.000014,NO
664,12,0.000109,NO
665,1,0.042553,NO
666,4,0.000109,NO
667,6,0.000006,NO
668,1,0.000000,NO
669,5,0.000109,NO
670,10,0.000109,NO
671,1,0.322582,NO
672,4,0.000004,NO
673,1,0.000109,NO
674,6,0.000007,NO
675,0,0.000001,NO
676,7,0.000109,NO
677,4,0.000005,NO
678,1,0.665962,NO
679,3,0.000006,NO
680,4,0.000022,NO
681,1,0.088496,NO
682,3,0.000011,NO
683,1,0.000000,NO
684,0,0.000001,NO
685,7,0.000014,NO
686,25,0.999989,NO
687,1,0.000000,NO
688,3,0.000054,NO
689,1,0.000005,NO
690,16,0.000022,NO
691,8,0.000109,NO
692,34,0.000109,NO
693,3,0.000004,NO
694,15,0.000109,NO
695,9,0.000036,NO
696,1,0.042553,NO
697,1,0.000001,NO
698,9,0.000012,NO
699,1,0.665962,NO
700,5,0.000109,NO
701,1,0.000109,NO
702,0,0.000003,NO
703,1,0.665962,NO
704,1,0.665962,NO
705,0,0.000001,NO
706,0,0.000009,NO
707,0,0.129871,NO
708,0,0.000001,NO
709,1,0.125000,NO
710,3,0.000109,NO
711,21,0.000109,NO
712,13,0.000109,NO
713,1,0.000022,NO
714,1,0.000005,NO
715,0,0.000027,NO
716,1,0.625000,NO
717,1,0.000005,NO
718,4,0.000027,NO
719,8,0.000006,NO
720,13,0.000054,NO
721,1,0.000011,NO
722,9,0.000016,NO
723,0,0.000006,NO
724,4,0.000004,NO
725,3,0.227274,NO
726,0,0.000001,NO
727,0,0.000006,NO
728,0,0.000003,NO
729,1,0.000001,NO
730,6,0.000054,NO
731,1,0.454546,NO
732,1,0.000005,NO
733,0,0.000002,NO
734,1,0.083893,NO
735,4,0.000109,NO
736,1,0.042553,NO
737,4,0.000109,NO
738,3,0.000004,NO
739,14,0.000054,NO
740,1,0.000001,NO
741,8,0.000011,NO
742,0,0.000003,NO
743,0,0.000003,NO
744,1,0.042553,NO
745,1,0.000012,NO
746,1,0.000022,NO
747,0,0.000018,NO
748,1,0.325204,NO
749,1,0.000000,NO
750,2,0.149255,NO
751,1,0.000000,NO
752,3,0.000011,NO
753,1,0.083893,NO
754,1,0.625000,NO
755,6,0.000027,NO
756,11,0.000109,NO
757,1,0.042553,NO
758,2,0.000109,NO
759,1,0.042553,NO
760,25,0.000109,NO
761,19,0.000109,NO
762,5,0.000109,NO
763,12,0.000109,NO
764,0,0.000002,NO
765,10,0.000109,NO
766,5,0.000054,NO
767,1,0.083893,NO
768,1,0.000002,NO
769,4,0.000109,NO
770,6,0.000027,NO
771,1,0.325204,NO
772,1,0.042553,NO
773,11,0.999989,NO
774,4,0.000003,NO
775,7,0.000109,NO
776,22,0.000109,NO
777,5,0.000109,NO
778,1,0.000000,NO
779,1,0.000002,NO
780,1,0.083893,NO
781,1,0.000027,NO
782,0,0.000005,NO
783,19,0.000109,NO
784,0,0.129871,NO
785,3,0.000004,NO
786,1,0.000000,NO
787,1,0.000000,NO
788,1,0.000001,NO
789,1,0.665962,NO
790,0,0.000005,NO
791,1,0.000001,NO
792,0,0.000002,NO
793,0,0.000001,NO
794,1,0.000022,NO
795,19,0.000109,NO
796,5,0.000009,NO
797,1,0.042553,NO
798,4,0.000011,NO
799,14,0.000109,NO
800,4,0.714282,NO
801,3,0.000006,NO
802,0,0.000005,NO
803,15,0.000109,NO
804,1,0.000001,NO
805,0,0.000001,NO
806,1,0.000001,NO
807,19,0.000109,NO
808,1,0.000001,NO
809,1,0.088496,NO
810,29,0.000109,NO
811,5,0.000036,NO
812,3,0.000054,NO
813,15,0.999989,NO
814,1,0.042553,NO
815,2,0.769229,NO
816,1,0.665962,NO
817,3,0.714282,NO
818,1,0.000000,NO
819,1,0.042553,NO
820,1,0.125000,NO
821,0,0.000002,NO
822,0,0.000002,NO
823,1,0.000003,NO
824,1,0.000001,NO
825,1,0.042553,NO
826,5,0.000109,NO
827,6,0.000109,NO
828,1,0.000001,NO
829,0,0.000001,NO
830,9,0.000109,NO
831,6,0.000054,NO
832,0,0.000008,NO
833,0,0.000022,NO
834,1,0.125000,NO
835,2,0.000027,NO
836,0,0.000005,NO
837,6,0.000109,NO
838,15,0.999989,NO
839,5,0.000054,NO
840,1,0.042553,NO
841,1,0.000001,NO
842,4,0.000005,NO
843,27,0.999989,NO
844,45,0.000109,NO
845,1,0.665962,NO
846,15,0.000109,NO
847,0,0.000001,NO
848,25,0.000109,NO
849,7,0.000014,NO
850,3,0.000109,NO
851,8,0.000109,NO
852,5,0.000054,NO
853,3,0.000054,NO
854,0,0.000001,NO
855,4,0.909083,NO
856,0,0.129871,NO
857,8,0.000006,NO
858,1,0.125000,NO
859,20,0.000109,NO
860,42,0.000109,NO
861,1,0.000001,NO
862,8,0.000109,NO
863,1,0.000001,NO
864,16,0.000109,NO
865,2,0.000009,NO
866,1,0.000000,NO
867,0,0.000010,NO
868,1,0.042553,NO
869,0,0.000002,NO
870,6,0.000006,NO
871,8,0.000109,NO
872,1,0.000000,NO
873,1,0.000016,NO
874,4,0.588234,NO
875,9,0.000109,NO
876,6,0.000109,NO
877,10,0.000022,NO
878,1,0.000001,NO
879,0,0.000002,NO
880,1,0.083893,NO
881,12,0.000109,NO
882,4,0.000004,NO
883,17,0.000109,NO
884,13,0.000109,NO
885,1,0.000011,NO
886,0,0.000002,NO
887,0,0.000002,NO
888,0,0.000002,NO
889,6,0.000006,NO
890,1,0.088496,NO
891,3,0.000004,NO
892,1,0.000018,NO
893,1,0.083893,NO
894,0,0.129871,NO
895,6,0.000006,NO
896,1,0.042553,NO
897,2,0.000036,NO
898,2,0.000004,NO
899,1,0.083893,NO
900,1,0.083893,NO
901,1,0.000003,NO
902,1,0.000005,NO
903,1,0.083893,NO
904,3,0.000006,NO
905,31,0.000109,NO
906,1,0.083893,NO
907,38,0.000109,NO
908,4,0.000027,NO
909,2,0.000009,NO
910,6,0.000109,NO
911,4,0.000027,NO
912,2,0.263159,NO
913,0,0.000006,NO
914,3,0.000109,NO
915,8,0.000109,NO
916,0,0.000002,NO
917,0,0.000009,NO
918,33,0.000109,NO
919,1,0.042553,NO
920,0,0.000003,NO
921,0,0.000008,NO
922,1,0.000000,NO
923,1,0.000002,NO
924,7,0.000109,NO
925,39,0.000109,NO
926,1,0.000001,NO
927,10,0.000022,NO
928,0,0.000001,NO
929,0,0.000003,NO
930,1,0.000003,NO
931,10,0.000109,NO
932,7,0.000027,NO
933,4,0.000109,NO
934,8,0.000054,NO
935,0,0.344829,NO
936,0,0.000005,NO
937,1,0.000109,NO
938,1,0.000001,NO
939,0,0.000001,NO
940,1,0.000000,NO
941,0,0.000002,NO
942,5,0.999989,NO
943,0,0.000003,NO
944,4,0.000008,NO
945,4,0.000008,NO
946,1,0.000000,NO
947,2,0.000109,NO
948,2,0.285716,NO
949,4,0.000008,NO
950,4,0.000054,NO
951,1,0.000001,NO
952,3,0.714282,NO
953,0,0.000109,NO
954,24,0.000109,NO
955,2,0.000036,NO
956,0,0.000003,NO
957,3,0.000109,NO
958,5,0.000005,NO
959,1,0.125000,NO
960,1,0.042553,NO
961,0,0.000002,NO
962,7,0.000109,NO
963,6,0.000054,NO
964,5,0.000109,NO
965,1,0.665962,NO
966,1,0.454546,NO
967,1,0.000000,NO
968,1,0.042553,NO
969,3,0.714282,NO
970,8,0.000016,NO
971,1,0.000001,NO
972,1,0.665962,NO
973,1,0.042553,NO
974,10,0.000109,NO
975,24,0.000109,NO
976,2,0.000007,NO
977,9,0.000054,NO
978,7,0.000011,NO
979,3,0.000036,NO
980,1,0.083893,NO
981,4,0.000109,NO
982,6,0.000054,NO
983,1,0.000000,NO
984,31,0.000109,NO
985,0,0.000004,NO
986,4,0.000005,NO
987,11,0.000109,NO
988,1,0.000004,NO
989,3,0.000109,NO
990,4,0.000022,NO
991,1,0.000109,NO
992,1,0.000005,NO
993,10,0.000022,NO
994,0,0.000002,NO
995,1,0.000000,NO
996,4,0.000007,NO
997,2,0.000009,NO
998,2,0.149255,NO
999,6,0.000054,NO
1000,69,0.000109,NO
1001,0,0.000002,NO
1002,0,0.000006,NO
1003,2,0.000109,NO
1004,0,0.000001,NO
1005,10,0.000109,NO
1006,0,0.000003,NO
1007,8,0.000109,NO
1008,0,0.000002,NO
1009,15,0.000109,NO
1010,1,0.000000,NO
1011,1,0.042553,NO
1012,0,0.000109,NO
1013,1,0.000022,NO
1014,1,0.088496,NO
1015,1,0.325204,NO
1016,5,0.000016,NO
1017,1,0.000000,NO
1018,0,0.000027,NO
1019,24,0.000109,NO
1020,58,0.000109,NO
1021,41,0.999989,NO
1022,14,0.000109,NO
1023,4,0.000109,NO
1024,1,0.000000,NO
1025,38,0.000109,NO
1026,0,0.129871,NO
1027,17,0.000109,NO
1028,0,0.000002,NO
1029,2,0.000011,NO
1030,0,0.000001,NO
1031,1,0.042553,NO
1032,6,0.999989,NO
1033,0,0.000003,NO
1034,2,0.000007,NO
1035,0,0.000001,NO
1036,3,0.000005,NO
1037,1,0.042553,NO
1038,2,0.000109,NO
1039,1,0.665962,NO
1040,10,0.000109,NO
1041,16,0.000109,NO
1042,4,0.000003,NO
1043,0,0.000002,NO
1044,1,0.000000,NO
1045,2,0.000054,NO
1046,3,0.000005,NO
1047,1,0.042553,NO
1048,3,0.000054,NO
1049,30,0.000109,NO
1050,0,0.000001,NO
1051,5,0.000109,NO
1052,1,0.454546,NO
1053,7,0.000054,NO
1054,1,0.665962,NO
1055,19,0.000109,NO
1056,1,0.000003,NO
1057,1,0.125000,NO
1058,7,0.000054,NO
1059,1,0.000004,NO
1060,6,0.000006,NO
1061,1,0.042553,NO
1062,3,0.000109,NO
1063,76,0.000109,NO
1064,1,0.000022,NO
1065,1,0.000000,NO
1066,7,0.000036,NO
1067,3,0.000005,NO
1068,3,0.000003,NO
1069,3,0.000004,NO
1070,1,0.000036,NO
1071,4,0.000007,NO
1072,4,0.000004,NO
1073,1,0.083893,NO
1074,6,0.000006,NO
1075,8,0.000014,NO
1076,1,0.625000,NO
1077,1,0.421053,NO
1078,4,0.000004,NO
1079,0,0.000002,NO
1080,5,0.000109,NO
1081,4,0.000109,NO
1082,1,0.000000,NO
1083,6,0.000006,NO
1084,3,0.000006,NO
1085,3,0.000004,NO
1086,8,0.000109,NO
1087,4,0.000004,NO
1088,27,0.000109,NO
1089,0,0.000002,NO
1090,10,0.000109,NO
1091,1,0.125000,NO
1092,0,0.000109,NO
1093,5,0.000109,NO
1094,1,0.665962,NO
1095,1,0.665962,NO
1096,4,0.833327,NO
1097,1,0.125000,NO
1098,1,0.000036,NO
1099,8,0.000054,NO
1100,6,0.000006,NO
1101,4,0.000007,NO
1102,11,0.000109,NO
1103,1,0.083893,NO
1104,1,0.083893,NO
1105,4,0.000109,NO
1106,3,0.400001,NO
1107,3,0.000027,NO
1108,0,0.000003,NO
1109,0,0.000010,NO
1110,1,0.083893,NO
1111,4,0.000109,NO
1112,1,0.125000,NO
1113,9,0.000109,NO
1114,3,0.000109,NO
1115,6,0.000006,NO
1116,88,0.999989,NO
1117,1,0.000000,NO
1118,0,0.000001,NO
1119,4,0.000109,NO
1120,9,0.000109,NO
1121,1,0.000000,NO
1122,2,0.000009,NO
1123,26,0.000109,NO
1124,1,0.000001,NO
1125,1,0.000004,NO
1126,7,0.000008,NO
1127,4,0.588234,NO
1128,1,0.000001,NO
1129,33,0.000109,NO
1130,1,0.000001,NO
1131,2,0.000109,NO
1132,6,0.000005,NO
1133,24,0.000109,NO
1134,0,0.344829,NO
1135,0,0.000002,NO
1136,26,0.999989,NO
1137,31,0.999989,NO
1138,1,0.000004,NO
1139,31,0.000109,NO
1140,1,0.000000,NO
1141,2,0.000007,NO
1142,1,0.125000,NO
1143,1,0.125000,NO
1144,1,0.083893,NO
1145,1,0.000036,NO
1146,5,0.999989,NO
1147,4,0.000012,NO
1148,1,0.125000,NO
1149,1,0.083893,NO
1150,0,0.000054,NO
1151,5,0.000109,NO
1152,1,0.000018,NO
1153,0,0.000002,NO
1154,17,0.000036,NO
1155,1,0.042553,NO
1156,0,0.000001,NO
1157,1,0.042553,NO
1158,10,0.000109,NO
1159,2,0.000054,NO
1160,1,0.000012,NO
1161,1,0.000000,NO
1162,1,0.665962,NO
1163,1,0.000000,NO
1164,1,0.000001,NO
1165,5,0.000018,NO
1166,1,0.000001,NO
1167,17,0.000109,NO
1168,1,0.665962,NO
1169,2,0.000009,NO
1170,0,0.000003,NO
1171,30,0.000109,NO
1172,4,0.000003,NO
1173,20,0.000109,NO
1174,0,0.000002,NO
1175,10,0.000109,NO
1176,4,0.000016,NO
1177,4,0.000007,NO
1178,0,0.000054,NO
1179,19,0.000109,NO
1180,4,0.000003,NO
1181,11,0.000054,NO
1182,1,0.000000,NO
1183,31,0.000109,NO
1184,1,0.042553,NO
1185,1,0.000109,NO
1186,12,0.000109,NO
1187,3,0.000004,NO
1188,0,0.000006,NO
1189,1,0.000006,NO
1190,9,0.000109,NO
1191,19,0.000109,NO
1192,0,0.000002,NO
1193,4,0.000036,NO
1194,0,0.000005,NO
1195,15,0.000109,NO
1196,30,0.000054,NO
1197,22,0.000109,NO
1198,10,0.000036,NO
1199,0,0.000003,NO
1200,1,0.088496,NO
1201,2,0.000007,NO
1202,8,0.000109,NO
1203,19,0.000109,NO
1204,0,0.000002,NO
1205,7,0.000054,NO
1206,1,0.000000,NO
1207,1,0.000027,NO
1208,7,0.000006,NO
1209,10,0.999989,NO
1210,1,0.000000,NO
1211,1,0.083893,NO
1212,108,0.000109,NO
1213,1,0.125000,NO
1214,6,0.000109,NO
1215,1,0.000054,NO
1216,16,0.000109,NO
1217,1,0.125000,NO
1218,0,0.000001,NO
1219,14,0.000109,NO
1220,1,0.000054,NO
1221,1,0.000000,NO
1222,0,0.000003,NO
1223,1,0.083893,NO
1224,11,0.000036,NO
1225,5,0.000109,NO
1226,15,0.000109,NO
1227,1,0.000001,NO
1228,45,0.000109,NO
1229,1,0.000000,NO
1230,1,0.000001,NO
1231,1,0.000054,NO
1232,22,0.999989,NO
1233,29,0.000109,NO
1234,7,0.000109,NO
1235,0,0.000002,NO
1236,1,0.665962,NO
1237,0,0.000001,NO
1238,6,0.000109,NO
1239,1,0.322582,NO
1240,5,0.000012,NO
1241,4,0.000109,NO
1242,0,0.000003,NO
1243,1,0.325204,NO
1244,69,0.000109,NO
1245,0,0.000002,NO
1246,1,0.088496,NO
1247,7,0.000006,NO
1248,2,0.285716,NO
1249,4,0.000054,NO
1250,0,0.000002,NO
1251,1,0.000000,NO
1252,5,0.000022,NO
1253,3,0.000006,NO
1254,0,0.000002,NO
1255,3,0.000003,NO
1256,1,0.125000,NO
1257,1,0.000000,NO
1258,3,0.000109,NO
1259,1,0.000011,NO
1260,1,0.000001,NO
1261,1,0.083893,NO
1262,0,0.000002,NO
1263,1,0.083893,NO
1264,2,0.149255,NO
1265,23,0.000109,NO
1266,1,0.088496,NO
1267,1,0.000001,NO
1268,1,0.000018,NO
1269,1,0.325204,NO
1270,1,0.042553,NO
1271,11,0.000109,NO
1272,1,0.000001,NO
1273,21,0.000109,NO
1274,2,0.149255,NO
1275,0,0.344829,NO
1276,1,0.000001,NO
1277,0,0.000002,NO
1278,1,0.421053,NO
1279,11,0.000109,NO
1280,9,0.000012,NO
1281,1,0.000004,NO
1282,2,0.000054,NO
1283,14,0.000109,NO
1284,1,0.000003,NO
1285,3,0.000109,NO
1286,1,0.125000,NO
1287,10,0.000109,NO
1288,0,0.000003,NO
1289,4,0.000016,NO
1290,1,0.083893,NO
1291,1,0.665962,NO
1292,1,0.125000,NO
1293,6,0.000109,NO
1294,0,0.000001,NO
1295,2,0.000109,NO
1296,4,0.000007,NO
1297,0,0.000007,NO
1298,8,0.000109,NO
1299,5,0.000009,NO
1300,12,0.000054,NO
1301,0,0.000002,NO
1302,8,0.000109,NO
1303,1,0.000000,NO
1304,26,0.000109,NO
1305,1,0.042553,NO
1306,1,0.665962,NO
1307,0,0.000002,NO
1308,42,0.000109,NO
1309,8,0.000109,NO
1310,3,0.000003,NO
1311,1,0.088496,NO
1312,6,0.000014,NO
1313,4,0.000008,NO
1314,1,0.000001,NO
1315,5,0.000009,NO
1316,0,0.000005,NO
1317,4,0.000054,NO
1318,8,0.952376,NO
1319,3,0.999989,NO
1320,5,0.000054,NO
1321,4,0.000109,NO
1322,9,0.000109,NO
1323,0,0.000002,NO
1324,1,0.000000,NO
1325,0,0.000002,NO
1326,5,0.000018,NO
1327,3,0.000109,NO
1328,0,0.000005,NO
1329,3,0.000109,NO
1330,5,0.000036,NO
1331,11,0.000109,NO
1332,1,0.000003,NO
1333,14,0.000109,NO
1334,1,0.042553,NO
1335,0,0.000027,NO
1336,17,0.000109,NO
1337,1,0.000022,NO
1338,5,0.000005,NO
1339,10,0.000109,NO
1340,2,0.476191,NO
1341,1,0.083893,NO
1342,8,0.000109,NO
1343,1,0.000005,NO
1344,2,0.000004,NO
1345,1,0.083893,NO
1346,1,0.000000,NO
1347,0,0.000001,NO
1348,9,0.000109,NO
1349,1,0.000004,NO
1350,6,0.000006,NO
1351,2,0.000007,NO
1352,2,0.000109,NO
1353,1,0.000018,NO
1354,2,0.149255,NO
1355,1,0.000000,NO
1356,0,0.000003,NO
1357,1,0.000003,NO
1358,1,0.000012,NO
1359,6,0.000007,NO
1360,7,0.000109,NO
1361,1,0.083893,NO
1362,4,0.000054,NO
1363,10,0.000016,NO
1364,10,0.000109,NO
1365,11,0.000109,NO
1366,9,0.000109,NO
1367,7,0.000109,NO
1368,1,0.000004,NO
1369,1,0.000022,NO
1370,6,0.000109,NO
1371,2,0.000109,NO
1372,2,0.000007,NO
1373,0,0.000003,NO
1374,4,0.000109,NO
1375,0,0.000027,NO
1376,15,0.999989,NO
1377,1,0.000001,NO
1378,0,0.000010,NO
1379,4,0.000027,NO
1380,1,0.125000,NO
1381,1,0.000001,NO
1382,3,0.000006,NO
1383,8,0.000036,NO
1384,2,0.000018,NO
1385,12,0.000109,NO
1386,3,0.000005,NO
1387,7,0.000012,NO
1388,1,0.000001,NO
1389,1,0.083893,NO
1390,0,0.000054,NO
1391,1,0.325204,NO
1392,0,0.344829,NO
1393,0,0.000008,NO
1394,15,0.000109,NO
1395,1,0.325204,NO
1396,9,0.000109,NO
1397,4,0.000004,NO
1398,0,0.000002,NO
1399,4,0.000022,NO
1400,3,0.333335,NO
1401,0,0.000008,NO
1402,2,0.000003,NO
1403,3,0.000004,NO
1404,12,0.000109,YES
1405,19,0.000109,YES
1406,14,0.000109,YES
1407,4,0.999989,YES
1408,7,0.000109,YES
1409,23,0.999989,YES
1410,26,0.999989,YES
1411,5,0.959595,YES
1412,17,0.000109,YES
1413,27,0.000109,YES
1414,3,0.967742,YES
1415,25,0.000109,YES
1416,4,0.000109,YES
1417,3,0.000109,YES
1418,24,0.999989,YES
1419,1,0.000109,YES
1420,1,0.665962,YES
1421,3,0.980391,YES
1422,2,0.999989,YES
1423,32,0.999989,YES
1424,1,0.665962,YES
1425,29,0.000109,YES
1426,8,0.000109,YES
1427,4,0.000054,YES
1428,3,0.980391,YES
1429,5,0.999989,YES
1430,9,0.000054,YES
1431,1,0.665962,YES
1432,3,0.980391,YES
1433,1,0.125000,YES
1434,117,0.000109,YES
1435,11,0.000109,YES
1436,34,0.000109,YES
1437,22,0.000109,YES
1438,1,0.665962,YES
1439,27,0.999989,YES
1440,2,0.588234,YES
1441,4,0.000054,YES
1442,13,0.000109,YES
1443,8,0.000054,YES
1444,29,0.000109,YES
1445,1,0.625000,YES
1446,6,0.000006,YES
1447,1,0.665962,YES
1448,1,0.665962,YES
1449,4,0.000054,YES
1450,32,0.999989,YES
1451,21,0.000109,YES
1452,3,0.714282,YES
1453,27,0.999989,YES
1454,1,0.665962,YES
1455,9,0.999995,YES
1456,27,0.999989,YES
1457,9,0.434783,YES
1458,2,0.000109,YES
1459,3,0.967742,YES
1460,23,0.999989,YES
1461,13,0.000109,YES
1462,18,0.000109,YES
1463,1,0.665962,YES
1464,7,0.000109,YES
1465,18,0.999989,YES
1466,1,0.325204,YES
1467,33,0.000109,YES
1468,17,0.000109,YES
1469,26,0.000109,YES
1470,3,0.333335,YES
1471,48,0.000109,YES
1472,1,0.665962,YES
1473,108,0.000109,YES
1474,41,0.000109,YES
1475,9,0.000109,YES
1476,17,0.000109,YES
1477,0,0.000002,NO
1478,6,0.000109,NO
1479,0,0.000001,NO
1480,3,0.238097,NO
1481,1,0.000001,NO
1482,8,0.000109,NO
1483,16,0.999989,NO
1484,1,0.000000,NO
1485,3,0.000109,NO
1486,6,0.000109,NO
1487,14,0.000109,NO
1488,2,0.000054,NO
1489,13,0.000109,NO
1490,0,0.000054,NO
1491,4,0.000003,NO
1492,1,0.000001,NO
1493,7,0.000010,NO
1494,3,0.000005,NO
1495,8,0.000054,NO
1496,1,0.000000,NO
1497,33,0.000109,NO
1498,19,0.000109,NO
1499,7,0.000109,NO
1500,4,0.000012,NO
1501,1,0.000011,NO
1502,2,0.000008,NO
1503,1,0.000009,NO
1504,6,0.000006,NO
1505,19,0.000109,NO
1506,0,0.000003,NO
1507,1,0.677789,NO
1508,1,0.000005,NO
1509,0,0.074628,NO
1510,4,0.000109,NO
1511,17,0.000109,NO
1512,19,0.000109,NO
1513,25,0.000109,NO
1514,1,0.677789,NO
1515,0,0.000002,NO
1516,8,0.000011,NO
1517,1,0.000001,NO
1518,3,0.000003,NO
1519,1,0.000001,NO
1520,0,0.000003,NO
1521,0,0.074628,NO
1522,0,0.000002,NO
1523,5,0.999989,NO
1524,1,0.000000,NO
1525,0,0.000003,NO
1526,9,0.999989,NO
1527,10,0.000109,NO
1528,1,0.000000,NO
1529,1,0.677789,NO
1530,6,0.000006,NO
1531,9,0.000109,NO
1532,9,0.000109,NO
1533,0,0.000009,NO
1534,6,0.000109,NO
1535,7,0.000007,NO
1536,0,0.000003,NO
1537,5,0.000011,NO
1538,1,0.041929,NO
1539,1,0.041929,NO
1540,1,0.000018,NO
1541,1,0.000000,NO
1542,19,0.000109,NO
1543,11,0.000109,NO
1544,6,0.000006,NO
1545,0,0.000001,NO
1546,8,0.000006,NO
1547,1,0.000004,NO
1548,4,0.000018,NO
1549,5,0.000109,NO
1550,1,0.000054,NO
1551,0,0.000002,NO
1552,0,0.000003,NO
1553,12,0.000109,NO
1554,1,0.151976,NO
1555,5,0.000054,NO
1556,2,0.000109,NO
1557,1,0.000001,NO
1558,1,0.000000,NO
1559,2,0.277779,NO
1560,3,0.000054,NO
1561,0,0.000109,NO
1562,2,0.666666,NO
1563,1,0.000000,NO
1564,1,0.088496,NO
1565,3,0.000027,NO
1566,20,0.000109,NO
1567,1,0.000000,NO
1568,7,0.000109,NO
1569,1,0.000001,NO
1570,7,0.909083,NO
1571,29,0.999989,NO
1572,16,0.000054,NO
1573,32,0.000109,NO
1574,0,0.000001,NO
1575,1,0.000001,NO
1576,2,0.000004,NO
1577,1,0.677789,NO
1578,10,0.999989,NO
1579,1,0.000004,NO
1580,0,0.000001,NO
1581,7,0.000109,NO
1582,1,0.041929,NO
1583,0,0.000109,NO
1584,0,0.000011,NO
1585,1,0.088496,NO
1586,1,0.151976,NO
1587,24,0.000109,NO
1588,1,0.000000,NO
1589,0,0.000012,NO
1590,1,0.000001,NO
1591,1,0.000001,NO
1592,5,0.000109,NO
1593,8,0.000109,NO
1594,1,0.041929,NO
1595,1,0.000054,NO
1596,10,0.000022,NO
1597,0,0.000003,NO
1598,10,0.000036,NO
1599,6,0.000109,NO
1600,12,0.000109,NO
1601,30,0.000109,NO
1602,4,0.000022,NO
1603,0,0.000008,NO
1604,0,0.000008,NO
1605,1,0.677789,NO
1606,9,0.000011,NO
1607,6,0.999989,NO
1608,0,0.000002,NO
1609,1,0.000000,NO
1610,10,0.000016,NO
1611,0,0.000001,NO
1612,1,0.000000,NO
1613,6,0.000109,NO
1614,13,0.000109,NO
1615,1,0.084317,NO
1616,1,0.000001,NO
1617,27,0.000109,NO
1618,0,0.000001,NO
1619,4,0.000109,NO
1620,1,0.000000,NO
1621,41,0.000109,NO
1622,15,0.000109,NO
1623,15,0.000109,NO
1624,4,0.000109,NO
1625,1,0.000000,NO
1626,0,0.000002,NO
1627,5,0.000018,NO
1628,1,0.000109,NO
1629,30,0.909083,NO
1630,0,0.000003,NO
1631,1,0.000000,NO
1632,1,0.084317,NO
1633,22,0.000109,NO
1634,0,0.000006,NO
1635,1,0.425532,NO
1636,5,0.957446,NO
1637,63,0.999989,NO
1638,1,0.151976,NO
1639,10,0.000109,NO
1640,1,0.088496,NO
1641,6,0.000109,NO
1642,2,0.425532,NO
1643,1,0.000001,NO
1644,1,0.000003,NO
1645,0,0.000002,NO
1646,11,0.000109,NO
1647,1,0.151976,NO
1648,3,0.000005,NO
1649,7,0.000054,NO
1650,0,0.000003,NO
1651,1,0.041929,NO
1652,1,0.000001,NO
1653,1,0.000000,NO
1654,0,0.000002,NO
1655,6,0.000005,NO
1656,1,0.041929,NO
1657,1,0.041929,NO
1658,2,0.000109,NO
1659,12,0.000054,NO
1660,2,0.000109,NO
1661,0,0.000002,NO
1662,7,0.000109,NO
1663,8,0.000054,NO
1664,1,0.000001,NO
1665,1,0.000000,NO
1666,5,0.000109,NO
1667,4,0.000054,NO
1668,4,0.000004,NO
1669,7,0.000109,NO
1670,1,0.425532,NO
1671,2,0.000027,NO
1672,3,0.000109,NO
1673,6,0.000016,NO
1674,0,0.074628,NO
1675,1,0.088496,NO
1676,1,0.041929,NO
1677,2,0.000109,NO
1678,1,0.000001,NO
1679,1,0.425532,NO
1680,1,0.000000,NO
1681,2,0.000109,NO
1682,0,0.000003,NO
1683,3,0.000010,NO
1684,5,0.000011,NO
1685,5,0.000054,NO
1686,1,0.000000,NO
1687,26,0.000109,NO
1688,1,0.000000,NO
1689,4,0.000109,NO
1690,34,0.999989,NO
1691,26,0.000109,NO
1692,4,0.000004,NO
1693,1,0.582524,NO
1694,4,0.000007,NO
1695,1,0.088496,NO
1696,4,0.714284,NO
1697,1,0.084317,NO
1698,1,0.000001,NO
1699,1,0.000000,NO
1700,1,0.000001,NO
1701,0,0.000008,NO
1702,0,0.000001,NO
1703,6,0.384616,NO
1704,9,0.000011,NO
1705,36,0.000109,NO
1706,4,0.000027,NO
1707,1,0.000109,NO
1708,3,0.000109,NO
1709,1,0.000000,NO
1710,1,0.084317,NO
1711,6,0.000109,NO
1712,43,0.000109,NO
1713,1,0.041929,NO
1714,5,0.000011,NO
1715,0,0.000003,NO
1716,1,0.088496,NO
1717,1,0.084317,NO
1718,27,0.000109,NO
1719,0,0.074628,NO
1720,1,0.000000,NO
1721,9,0.000109,NO
1722,1,0.084317,NO
1723,0,0.000003,NO
1724,1,0.084317,NO
1725,11,0.000109,NO
1726,5,0.000109,NO
1727,1,0.000001,NO
1728,8,0.000011,NO
1729,1,0.151976,NO
1730,0,0.000027,NO
1731,0,0.000011,NO
1732,11,0.000109,NO
1733,1,0.088496,NO
1734,7,0.000009,NO
1735,2,0.000109,NO
1736,0,0.000003,NO
1737,4,0.000003,NO
1738,4,0.000109,NO
1739,16,0.000109,NO
1740,1,0.000001,NO
1741,1,0.000009,NO
1742,4,0.000027,NO
1743,4,0.000005,NO
1744,0,0.000007,NO
1745,1,0.677789,NO
1746,1,0.000009,NO
1747,0,0.000008,NO
1748,9,0.000109,NO
1749,21,0.000109,NO
1750,2,0.666666,NO
1751,9,0.000012,NO
1752,5,0.000054,NO
1753,1,0.000001,NO
1754,2,0.277779,NO
1755,1,0.000109,NO
1756,1,0.041929,NO
1757,2,0.000022,NO
1758,1,0.151976,NO
1759,5,0.000011,NO
1760,1,0.084317,NO
1761,6,0.000109,NO
1762,1,0.041929,NO
1763,0,0.000006,NO
1764,4,0.000109,NO
1765,6,0.000027,NO
1766,1,0.084317,NO
1767,2,0.000002,NO
1768,0,0.000003,NO
1769,8,0.000054,NO
1770,20,0.999989,NO
1771,1,0.000000,NO
1772,6,0.000109,NO
1773,1,0.084317,NO
1774,0,0.000002,NO
1775,4,0.555555,NO
1776,1,0.000022,NO
1777,0,0.000001,NO
1778,1,0.000000,NO
1779,1,0.151976,NO
1780,0,0.000003,NO
1781,4,0.000003,NO
1782,0,0.000003,NO
1783,0,0.000036,NO
1784,8,0.000036,NO
1785,4,0.000009,NO
1786,1,0.084317,NO
1787,10,0.000036,NO
1788,5,0.000027,NO
1789,3,0.000010,NO
1790,7,0.000109,NO
1791,1,0.151976,NO
1792,4,0.714284,NO
1793,4,0.000109,NO
1794,12,0.000109,NO
1795,6,0.000005,NO
1796,2,0.000004,NO
1797,1,0.000000,NO
1798,11,0.000109,NO
1799,1,0.000001,NO
1800,7,0.000027,NO
1801,4,0.000109,NO
1802,1,0.041929,NO
1803,2,0.000109,NO
1804,1,0.000000,NO
1805,6,0.000016,NO
1806,4,0.000004,NO
1807,18,0.000109,NO
1808,7,0.000054,NO
1809,1,0.000000,NO
1810,2,0.000003,NO
1811,2,0.000016,NO
1812,1,0.151976,NO
1813,1,0.000001,NO
1814,3,0.000006,NO
1815,0,0.000001,NO
1816,1,0.582524,NO
1817,18,0.000109,NO
1818,31,0.000109,NO
1819,7,0.000007,NO
1820,1,0.000014,NO
1821,1,0.000000,NO
1822,4,0.000009,NO
1823,21,0.999989,NO
1824,0,0.000027,NO
1825,1,0.000109,NO
1826,2,0.000109,NO
1827,12,0.000109,NO
1828,8,0.000036,NO
1829,7,0.000109,NO
1830,1,0.000000,NO
1831,0,0.000003,NO
1832,0,0.000027,NO
1833,18,0.000109,NO
1834,9,0.000010,NO
1835,1,0.677789,NO
1836,1,0.151976,NO
1837,13,0.999989,NO
1838,4,0.000007,NO
1839,0,0.000009,NO
1840,10,0.000109,NO
1841,1,0.000000,NO
1842,5,0.000018,NO
1843,5,0.000054,NO
1844,0,0.000054,NO
1845,6,0.000109,NO
1846,1,0.000001,NO
1847,2,0.000109,NO
1848,1,0.000000,NO
1849,4,0.000016,NO
1850,1,0.000000,NO
1851,4,0.000009,NO
1852,17,0.999989,NO
1853,1,0.084317,NO
1854,30,0.000109,NO
1855,1,0.151976,NO
1856,0,0.000001,NO
1857,1,0.151976,NO
1858,1,0.000001,NO
1859,5,0.000022,NO
1860,0,0.000003,NO
1861,1,0.084317,NO
1862,3,0.000005,NO
1863,1,0.151976,NO
1864,6,0.999989,NO
1865,1,0.000022,NO
1866,13,0.000054,NO
1867,18,0.000109,NO
1868,1,0.465116,NO
1869,97,0.000054,NO
1870,5,0.000018,NO
1871,0,0.000002,NO
1872,1,0.084317,NO
1873,15,0.000109,NO
1874,0,0.000007,NO
1875,16,0.000109,NO
1876,15,0.000109,NO
1877,10,0.000014,NO
1878,1,0.041929,NO
1879,1,0.000001,NO
1880,6,0.000109,NO
1881,1,0.000016,NO
1882,7,0.000009,NO
1883,12,0.000109,NO
1884,9,0.000012,NO
1885,11,0.000109,NO
1886,3,0.000109,NO
1887,10,0.000109,NO
1888,10,0.000014,NO
1889,0,0.000109,NO
1890,1,0.041929,NO
1891,1,0.000002,NO
1892,4,0.000109,NO
1893,1,0.084317,NO
1894,0,0.000109,NO
1895,30,0.000109,NO
1896,16,0.000109,NO
1897,32,0.000109,NO
1898,3,0.000005,NO
1899,1,0.000000,NO
1900,4,0.000003,NO
1901,17,0.000109,NO
1902,9,0.000109,NO
1903,9,0.000109,NO
1904,3,0.238097,NO
1905,8,0.000016,NO
1906,2,0.000006,NO
1907,0,0.000007,NO
1908,0,0.000001,NO
1909,6,0.000109,NO
1910,1,0.041929,NO
1911,4,0.000005,NO
1912,3,0.000054,NO
1913,0,0.000002,NO
1914,10,0.000109,NO
1915,26,0.999989,NO
1916,7,0.000007,NO
1917,5,0.000109,NO
1918,11,0.000109,NO
1919,14,0.999989,NO
1920,0,0.000001,NO
1921,1,0.677789,NO
1922,14,0.000109,NO
1923,0,0.000001,NO
1924,0,0.074628,NO
1925,1,0.084317,NO
1926,1,0.000000,NO
1927,3,0.000109,NO
1928,1,0.000004,NO
1929,4,0.000010,NO
1930,6,0.000109,NO
1931,31,0.000109,NO
1932,0,0.000054,NO
1933,0,0.000002,NO
1934,15,0.000109,NO
1935,1,0.084317,NO
1936,8,0.000036,NO
1937,24,0.000109,NO
1938,11,0.000027,NO
1939,13,0.000109,NO
1940,4,0.000036,NO
1941,3,0.000109,NO
1942,9,0.000036,NO
1943,0,0.000006,NO
1944,8,0.000109,NO
1945,0,0.000011,NO
1946,4,0.000036,NO
1947,1,0.677789,NO
1948,0,0.000006,NO
1949,1,0.041929,NO
1950,54,0.999989,NO
1951,1,0.000002,NO
1952,0,0.000002,NO
1953,45,0.999989,NO
1954,1,0.000001,NO
1955,4,0.000054,NO
1956,2,0.140846,NO
1957,10,0.000109,NO
1958,5,0.000016,NO
1959,10,0.000036,NO
1960,27,0.000109,NO
1961,1,0.000012,NO
1962,1,0.000000,NO
1963,1,0.000001,NO
1964,1,0.000000,NO
1965,1,0.000001,NO
1966,1,0.000001,NO
1967,2,0.000009,NO
1968,0,0.000054,NO
1969,1,0.041929,NO
1970,6,0.000007,NO
1971,1,0.084317,NO
1972,1,0.000036,NO
1973,1,0.084317,NO
1974,11,0.000109,NO
1975,1,0.465116,NO
1976,0,0.074628,NO
1977,1,0.000003,NO
1978,7,0.000005,NO
1979,0,0.000002,NO
1980,3,0.000003,NO
1981,3,0.000003,NO
1982,0,0.000002,NO
1983,1,0.041929,NO
1984,10,0.000109,NO
1985,1,0.000005,NO
1986,1,0.000000,NO
1987,1,0.084317,NO
1988,2,0.285716,NO
1989,1,0.084317,NO
1990,22,0.000109,NO
1991,3,0.000109,NO
1992,4,0.000022,NO
1993,12,0.000109,NO
1994,7,0.000010,NO
1995,1,0.000000,NO
1996,6,0.000109,NO
1997,2,0.000054,NO
1998,4,0.000003,NO
1999,2,0.000109,NO
2000,1,0.041929,NO
2001,5,0.000009,NO
2002,1,0.000001,NO
2003,5,0.000054,NO
2004,0,0.000001,NO
2005,16,0.999989,NO
2006,27,0.999989,NO
2007,2,0.000007,NO
2008,0,0.074628,NO
2009,0,0.000002,NO
2010,4,0.000109,NO
2011,0,0.000002,NO
2012,7,0.000109,NO
2013,11,0.000054,NO
2014,0,0.000002,NO
2015,1,0.151976,NO
2016,6,0.000054,NO
2017,12,0.000109,NO
2018,1,0.000001,NO
2019,10,0.000027,NO
2020,2,0.000002,NO
2021,0,0.000109,NO
2022,1,0.041929,NO
2023,27,0.000109,NO
2024,5,0.000109,NO
2025,0,0.000003,NO
2026,2,0.000003,NO
2027,12,0.999989,NO
2028,16,0.000109,NO
2029,4,0.000018,NO
2030,1,0.041929,NO
2031,4,0.000109,NO
2032,16,0.999989,NO
2033,5,0.000011,NO
2034,1,0.677789,NO
2035,0,0.000003,NO
2036,13,0.999989,NO
2037,8,0.000109,NO
2038,0,0.000003,NO
2039,0,0.000003,NO
2040,1,0.000000,NO
2041,1,0.151976,NO
2042,1,0.041929,NO
2043,6,0.000109,NO
2044,6,0.000036,NO
2045,7,0.000036,NO
2046,2,0.000109,NO
2047,8,0.000109,NO
2048,0,0.000005,NO
2049,1,0.000001,NO
2050,0,0.074628,NO
2051,0,0.000007,NO
2052,3,0.000004,NO
2053,30,0.000109,NO
2054,53,0.000109,NO
2055,5,0.000027,NO
2056,7,0.000027,NO
2057,1,0.000001,NO
2058,27,0.000109,NO
2059,1,0.000000,NO
2060,1,0.000010,NO
2061,1,0.041929,NO
2062,1,0.425532,NO
2063,0,0.000001,NO
2064,10,0.000036,NO
2065,11,0.999989,NO
2066,5,0.000109,NO
2067,7,0.000008,NO
2068,1,0.000005,NO
2069,1,0.000018,NO
2070,1,0.677789,NO
2071,1,0.000000,NO
2072,3,0.238097,NO
2073,0,0.000002,NO
2074,0,0.000001,NO
2075,6,0.000109,NO
2076,7,0.000012,NO
2077,1,0.041929,NO
2078,0,0.000006,NO
2079,1,0.084317,NO
2080,4,0.000007,NO
2081,5,0.000027,NO
2082,27,0.000109,NO
2083,11,0.000109,NO
2084,3,0.000005,NO
2085,6,0.000014,NO
2086,0,0.000002,NO
2087,1,0.000000,NO
2088,7,0.000007,NO
2089,2,0.000009,NO
2090,0,0.000008,NO
2091,1,0.425532,NO
2092,14,0.000109,NO
2093,1,0.000000,NO
2094,1,0.000000,NO
2095,0,0.000006,NO
2096,7,0.000005,NO
2097,8,0.000036,NO
2098,8,0.000054,NO
2099,1,0.084317,NO
2100,34,0.000109,NO
2101,0,0.074628,NO
2102,4,0.000036,NO
2103,0,0.000109,NO
2104,28,0.000109,NO
2105,5,0.000109,NO
2106,0,0.074628,NO
2107,17,0.000109,NO
2108,0,0.000002,NO
2109,2,0.000004,NO
2110,11,0.000109,NO
2111,6,0.000005,NO
2112,19,0.000109,NO
2113,0,0.074628,NO
2114,1,0.000109,NO
2115,30,0.000109,NO
2116,10,0.999989,NO
2117,1,0.084317,NO
2118,41,0.000109,NO
2119,31,0.000109,NO
2120,1,0.000109,NO
2121,17,0.000109,NO
2122,20,0.000109,NO
2123,3,0.000010,NO
2124,3,0.000109,NO
2125,1,0.000000,NO
2126,3,0.000109,NO
2127,0,0.000002,NO
2128,7,0.000109,NO
2129,0,0.000003,NO
2130,0,0.074628,NO
2131,0,0.000003,NO
2132,1,0.000001,NO
2133,0,0.000003,NO
2134,4,0.000054,NO
2135,6,0.000027,NO
2136,1,0.041929,NO
2137,0,0.000001,NO
2138,34,0.000109,NO
2139,13,0.000109,NO
2140,1,0.000000,NO
2141,0,0.000003,NO
2142,3,0.000109,NO
2143,10,0.000109,NO
2144,21,0.000109,NO
2145,1,0.151976,NO
2146,2,0.000054,NO
2147,5,0.000109,NO
2148,1,0.582524,NO
2149,1,0.000001,NO
2150,7,0.000007,NO
2151,9,0.000109,NO
2152,13,0.000109,NO
2153,7,0.000007,NO
2154,1,0.084317,NO
2155,0,0.000006,NO
2156,1,0.000005,NO
2157,10,0.000109,NO
2158,1,0.041929,NO
2159,1,0.084317,NO
2160,1,0.041929,NO
2161,2,0.000109,NO
2162,1,0.425532,NO
2163,2,0.000054,NO
2164,24,0.000109,NO
2165,1,0.359712,NO
2166,1,0.000109,NO
2167,6,0.000027,NO
2168,9,0.000109,NO
2169,0,0.000002,NO
2170,1,0.151976,NO
2171,13,0.000109,NO
2172,7,0.000007,NO
2173,2,0.000009,NO
2174,1,0.041929,NO
2175,1,0.151976,NO
2176,4,0.000018,NO
2177,1,0.000005,NO
2178,1,0.000001,NO
2179,0,0.000109,NO
2180,1,0.041929,NO
2181,3,0.000004,NO
2182,6,0.000054,NO
2183,2,0.000008,NO
2184,50,0.000109,NO
2185,8,0.000006,NO
2186,5,0.000027,NO
2187,8,0.000109,NO
2188,5,0.000022,NO
2189,1,0.677789,NO
2190,3,0.000005,NO
2191,7,0.000010,NO
2192,4,0.909083,NO
2193,21,0.999989,NO
2194,0,0.000001,NO
2195,3,0.000109,NO
2196,10,0.000018,NO
2197,12,0.000109,NO
2198,3,0.384616,NO
2199,1,0.000109,NO
2200,1,0.088496,NO
2201,1,0.000018,NO
2202,21,0.000109,NO
2203,3,0.000054,NO
2204,0,0.000002,NO
2205,4,0.000027,NO
2206,2,0.000007,NO
2207,1,0.041929,NO
2208,0,0.000006,NO
2209,0,0.000006,NO
2210,3,0.384616,NO
2211,1,0.000000,NO
2212,8,0.000014,NO
2213,18,0.000109,NO
2214,1,0.041929,NO
2215,1,0.041929,NO
2216,11,0.999989,NO
2217,9,0.000036,NO
2218,0,0.000003,NO
2219,1,0.084317,NO
2220,6,0.000109,NO
2221,6,0.000054,NO
2222,1,0.000001,NO
2223,10,0.000022,NO
2224,1,0.000002,NO
2225,1,0.000036,NO
2226,12,0.999989,NO
2227,2,0.500000,NO
2228,6,0.000054,NO
2229,1,0.041929,NO
2230,15,0.000109,NO
2231,1,0.359712,NO
2232,5,0.000109,NO
2233,0,0.074628,NO
2234,3,0.000005,NO
2235,1,0.041929,NO
2236,1,0.000000,NO
2237,1,0.000000,NO
2238,2,0.000008,NO
2239,1,0.084317,NO
2240,0,0.000002,NO
2241,0,0.000003,NO
2242,15,0.000054,NO
2243,1,0.000000,NO
2244,11,0.999989,NO
2245,0,0.000018,NO
2246,6,0.000006,NO
2247,0,0.000001,NO
2248,11,0.000109,NO
2249,1,0.000004,NO
2250,6,0.000054,NO
2251,11,0.000109,NO
2252,0,0.000027,NO
2253,1,0.000000,NO
2254,1,0.000004,NO
2255,0,0.000010,NO
2256,26,0.000109,NO
2257,7,0.000012,NO
2258,4,0.000004,NO
2259,7,0.000005,NO
2260,2,0.000109,NO
2261,1,0.677789,NO
2262,11,0.000109,NO
2263,0,0.000006,NO
2264,0,0.000003,NO
2265,11,0.999989,NO
2266,1,0.000000,NO
2267,1,0.000018,NO
2268,0,0.000003,NO
2269,0,0.000005,NO
2270,0,0.074628,NO
2271,1,0.000022,NO
2272,1,0.000000,NO
2273,1,0.084317,NO
2274,1,0.084317,NO
2275,25,0.000109,NO
2276,1,0.000001,NO
2277,8,0.000109,NO
2278,17,0.000109,NO
2279,4,0.000007,NO
2280,1,0.000001,NO
2281,2,0.000109,NO
2282,6,0.000109,NO
2283,0,0.000005,NO
2284,1,0.041929,NO
2285,0,0.000010,NO
2286,6,0.000054,NO
2287,1,0.677789,NO
2288,2,0.000008,NO
2289,1,0.000001,NO
2290,19,0.000011,NO
2291,8,0.000054,NO
2292,4,0.000005,NO
2293,17,0.999989,NO
2294,3,0.000010,NO
2295,0,0.000003,NO
2296,5,0.000018,NO
2297,8,0.000109,NO
2298,13,0.000109,NO
2299,1,0.084317,NO
2300,4,0.000109,NO
2301,1,0.000000,NO
2302,2,0.000003,NO
2303,13,0.999989,NO
2304,1,0.359712,NO
2305,3,0.322582,NO
2306,0,0.000001,NO
2307,0,0.000109,NO
2308,22,0.000109,NO
2309,3,0.000004,NO
2310,1,0.359712,NO
2311,5,0.000054,NO
2312,3,0.000109,NO
2313,1,0.041929,NO
2314,15,0.000109,NO
2315,9,0.000022,NO
2316,3,0.000005,NO
2317,1,0.041929,NO
2318,1,0.000001,NO
2319,21,0.000109,NO
2320,0,0.000005,NO
2321,1,0.084317,NO
2322,0,0.000036,NO
2323,0,0.000001,NO
2324,1,0.000000,NO
2325,1,0.088496,NO
2326,1,0.425532,NO
2327,2,0.000009,NO
2328,1,0.000001,NO
2329,22,0.000109,NO
2330,11,0.000109,NO
2331,6,0.000007,NO
2332,5,0.000054,NO
2333,1,0.041929,NO
2334,5,0.000054,NO
2335,1,0.000003,NO
2336,6,0.384616,NO
2337,0,0.000003,NO
2338,2,0.000109,NO
2339,2,0.285716,NO
2340,31,0.000109,NO
2341,7,0.000109,NO
2342,4,0.000109,NO
2343,5,0.000054,NO
2344,12,0.000054,NO
2345,3,0.000003,NO
2346,0,0.074628,NO
2347,1,0.000000,NO
2348,0,0.000003,NO
2349,12,0.000109,NO
2350,4,0.000109,NO
2351,0,0.000003,NO
2352,9,0.000012,NO
2353,5,0.000009,NO
2354,0,0.000002,NO
2355,6,0.000109,NO
2356,6,0.000109,NO
2357,1,0.000001,NO
2358,5,0.000012,NO
2359,0,0.000003,NO
2360,6,0.000036,NO
2361,4,0.000109,NO
2362,1,0.000000,NO
2363,4,0.000109,NO
2364,1,0.041929,NO
2365,0,0.000027,NO
2366,1,0.677789,NO
2367,9,0.000109,NO
2368,1,0.000010,NO
2369,1,0.000000,NO
2370,5,0.000005,NO
2371,0,0.000001,NO
2372,1,0.041929,NO
2373,1,0.084317,NO
2374,2,0.285716,NO
2375,1,0.000109,NO
2376,0,0.000008,NO
2377,27,0.000109,NO
2378,1,0.000000,NO
2379,1,0.000000,NO
2380,0,0.000003,NO
2381,23,0.000109,NO
2382,1,0.151976,NO
2383,1,0.000000,NO
2384,5,0.000027,NO
2385,0,0.000001,NO
2386,1,0.677789,NO
2387,6,0.000007,NO
2388,0,0.000008,NO
2389,1,0.677789,NO
2390,1,0.000000,NO
2391,0,0.000022,NO
2392,7,0.000109,NO
2393,2,0.000109,NO
2394,2,0.000014,NO
2395,0,0.000009,NO
2396,4,0.000004,NO
2397,2,0.000018,NO
2398,7,0.999989,NO
2399,1,0.151976,NO
2400,9,0.000109,NO
2401,1,0.041929,NO
2402,14,0.000054,NO
2403,1,0.000001,NO
2404,1,0.359712,NO
2405,1,0.000036,NO
2406,3,0.000036,NO
2407,1,0.084317,NO
2408,3,0.000027,NO
2409,2,0.000109,NO
2410,0,0.000002,NO
2411,1,0.084317,NO
2412,1,0.084317,NO
2413,1,0.000000,NO
2414,1,0.000001,NO
2415,1,0.000000,NO
2416,7,0.000005,NO
2417,2,0.000109,NO
2418,1,0.000016,NO
2419,4,0.000036,NO
2420,5,0.000007,NO
2421,0,0.000003,NO
2422,0,0.000008,NO
2423,2,0.789472,NO
2424,6,0.000109,NO
2425,0,0.000012,NO
2426,1,0.000001,NO
2427,2,0.277779,NO
2428,8,0.000109,NO
2429,10,0.000109,NO
2430,2,0.000002,NO
2431,16,0.000109,NO
2432,0,0.000001,NO
2433,1,0.000001,NO
2434,6,0.000006,NO
2435,6,0.000036,NO
2436,0,0.000004,NO
2437,29,0.000109,NO
2438,4,0.555555,NO
2439,24,0.000109,NO
2440,13,0.000109,NO
2441,0,0.000003,NO
2442,5,0.000109,NO
2443,4,0.000012,NO
2444,2,0.000109,NO
2445,3,0.000036,NO
2446,8,0.000109,NO
2447,0,0.000002,NO
2448,1,0.769226,NO
2449,13,0.000109,NO
2450,6,0.000006,NO
2451,9,0.000014,NO
2452,1,0.000001,NO
2453,0,0.000054,NO
2454,1,0.000000,NO
2455,8,0.000016,NO
2456,1,0.084317,NO
2457,6,0.000007,NO
2458,0,0.000004,NO
2459,1,0.000003,NO
2460,10,0.000109,NO
2461,11,0.000109,NO
2462,9,0.000109,NO
2463,18,0.000109,NO
2464,1,0.084317,NO
2465,1,0.041929,NO
2466,1,0.677789,NO
2467,2,0.000009,NO
2468,1,0.000000,NO
2469,1,0.041929,NO
2470,22,0.000109,NO
2471,1,0.677789,NO
2472,0,0.000009,NO
2473,2,0.000036,NO
2474,0,0.000002,NO
2475,4,0.000036,NO
2476,8,0.000006,NO
2477,15,0.000109,NO
2478,0,0.303032,NO
2479,0,0.000109,NO
2480,1,0.088496,NO
2481,0,0.000002,NO
2482,1,0.084317,NO
2483,28,0.000109,NO
2484,25,0.000109,NO
2485,3,0.000005,NO
2486,1,0.000004,NO
2487,1,0.000001,NO
2488,1,0.000005,NO
2489,1,0.084317,NO
2490,1,0.084317,NO
2491,6,0.384616,NO
2492,1,0.000002,NO
2493,0,0.000011,NO
2494,16,0.000109,NO
2495,7,0.000005,NO
2496,5,0.000109,NO
2497,1,0.084317,NO
2498,0,0.000054,NO
2499,1,0.000003,NO
2500,4,0.000016,NO
2501,1,0.084317,NO
2502,7,0.000006,NO
2503,1,0.000000,NO
2504,1,0.677789,NO
2505,2,0.666664,NO
2506,0,0.000002,NO
2507,30,0.000109,NO
2508,3,0.384616,NO
2509,1,0.677789,NO
2510,2,0.000002,NO
2511,12,0.000054,NO
2512,1,0.041929,NO
2513,1,0.000005,NO
2514,1,0.000001,NO
2515,1,0.425532,NO
2516,11,0.000109,NO
2517,4,0.000016,NO
2518,1,0.000001,NO
2519,1,0.084317,NO
2520,0,0.000002,NO
2521,12,0.000109,NO
2522,1,0.465116,NO
2523,0,0.000008,NO
2524,3,0.000004,NO
2525,4,0.000012,NO
2526,0,0.000109,NO
2527,6,0.000054,NO
2528,17,0.000109,NO
2529,5,0.000109,NO
2530,1,0.000000,NO
2531,0,0.000002,NO
2532,5,0.000109,NO
2533,2,0.000054,NO
2534,0,0.000012,NO
2535,1,0.151976,NO
2536,2,0.000002,NO
2537,8,0.000006,NO
2538,23,0.999989,NO
2539,2,0.285716,NO
2540,0,0.000001,NO
2541,1,0.000004,NO
2542,1,0.151976,NO
2543,8,0.000036,NO
2544,5,0.000109,NO
2545,2,0.000014,NO
2546,1,0.000011,NO
2547,2,0.000002,NO
2548,31,0.000109,NO
2549,0,0.000002,NO
2550,16,0.000109,NO
2551,2,0.000004,NO
2552,0,0.000036,NO
2553,1,0.677789,NO
2554,11,0.000109,NO
2555,2,0.000002,NO
2556,27,0.000109,NO
2557,3,0.000003,NO
2558,4,0.000027,NO
2559,1,0.041929,NO
2560,1,0.465116,NO
2561,1,0.000002,NO
2562,0,0.000006,NO
2563,0,0.000007,NO
2564,1,0.000022,NO
2565,1,0.041929,NO
2566,7,0.000012,NO
2567,3,0.000005,NO
2568,4,0.000036,NO
2569,3,0.000054,NO
2570,2,0.454546,NO
2571,0,0.000054,NO
2572,2,0.000018,NO
2573,1,0.000016,NO
2574,1,0.000007,NO
2575,7,0.000109,NO
2576,33,0.000109,NO
2577,1,0.084317,NO
2578,1,0.000000,NO
2579,4,0.000003,NO
2580,1,0.359712,NO
2581,0,0.000002,NO
2582,1,0.677789,NO
2583,1,0.000005,NO
2584,1,0.041929,NO
2585,0,0.000001,NO
2586,17,0.000109,NO
2587,3,0.000011,NO
2588,2,0.526315,NO
2589,0,0.000007,NO
2590,4,0.000003,NO
2591,3,0.000003,NO
2592,1,0.000000,NO
2593,9,0.000109,NO
2594,5,0.000012,NO
2595,7,0.000006,NO
2596,3,0.370371,NO
2597,1,0.000005,NO
2598,8,0.000109,NO
2599,3,0.000011,NO
2600,1,0.465116,NO
2601,1,0.000000,NO
2602,1,0.677789,NO
2603,34,0.000109,NO
2604,1,0.000054,NO
2605,9,0.000109,NO
2606,1,0.000001,NO
2607,0,0.000001,NO
2608,1,0.000036,NO
2609,1,0.041929,NO
2610,6,0.000027,NO
2611,29,0.000109,NO
2612,6,0.000054,NO
2613,14,0.000109,NO
2614,9,0.000109,NO
2615,1,0.000027,NO
2616,13,0.000109,NO
2617,7,0.999989,NO
2618,3,0.000005,NO
2619,1,0.000016,NO
2620,33,0.000109,NO
2621,2,0.500000,NO
2622,13,0.000109,NO
2623,20,0.000109,NO
2624,4,0.000007,NO
2625,5,0.000054,NO
2626,7,0.000109,NO
2627,1,0.000018,NO
2628,2,0.000003,NO
2629,3,0.000005,NO
2630,3,0.384616,NO
2631,0,0.000002,NO
2632,2,0.000007,NO
2633,2,0.500000,NO
2634,0,0.000005,NO
2635,15,0.000109,NO
2636,1,0.000000,NO
2637,4,0.000003,NO
2638,10,0.000109,NO
2639,1,0.000000,NO
2640,1,0.151976,NO
2641,1,0.425532,NO
2642,6,0.000036,NO
2643,1,0.151976,NO
2644,34,0.000109,NO
2645,0,0.000002,NO
2646,9,0.000014,NO
2647,5,0.000109,NO
2648,1,0.041929,NO
2649,1,0.000000,NO
2650,0,0.000002,NO
2651,1,0.000000,NO
2652,8,0.000054,NO
2653,14,0.000109,NO
2654,15,0.000109,NO
2655,2,0.000109,NO
2656,10,0.000022,NO
2657,1,0.000006,NO
2658,0,0.000001,NO
2659,1,0.000000,NO
2660,0,0.000002,NO
2661,0,0.000002,NO
2662,5,0.000109,NO
2663,4,0.000014,NO
2664,1,0.151976,NO
2665,1,0.000003,NO
2666,0,0.000001,NO
2667,1,0.000109,NO
2668,0,0.000006,NO
2669,1,0.000000,NO
2670,1,0.677789,NO
2671,7,0.000109,NO
2672,0,0.000002,NO
2673,1,0.677789,NO
2674,4,0.000109,NO
2675,1,0.151976,NO
2676,1,0.677789,NO
2677,1,0.084317,NO
2678,6,0.000109,NO
2679,10,0.000109,NO
2680,2,0.000009,NO
2681,8,0.000109,NO
2682,11,0.000109,NO
2683,7,0.000109,NO
2684,4,0.000109,NO
2685,3,0.000054,NO
2686,10,0.999989,NO
2687,1,0.000001,NO
2688,4,0.000109,NO
2689,2,0.000109,NO
2690,19,0.999989,NO
2691,1,0.084317,NO
2692,7,0.000054,NO
2693,1,0.000001,NO
2694,1,0.677789,NO
2695,1,0.000000,NO
2696,1,0.000011,NO
2697,1,0.000003,NO
2698,1,0.425532,NO
2699,0,0.000003,NO
2700,0,0.000005,NO
2701,0,0.000005,NO
2702,5,0.000036,NO
2703,1,0.000109,NO
2704,5,0.999989,NO
2705,21,0.000109,NO
2706,1,0.084317,NO
2707,1,0.084317,NO
2708,0,0.000003,NO
2709,29,0.000109,NO
2710,4,0.000003,NO
2711,4,0.000036,NO
2712,1,0.000109,NO
2713,4,0.000054,NO
2714,0,0.000002,NO
2715,0,0.000011,NO
2716,5,0.000109,NO
2717,1,0.000000,NO
2718,2,0.140846,NO
2719,1,0.000001,NO
2720,5,0.000054,NO
2721,1,0.041929,NO
2722,10,0.000036,NO
2723,3,0.000005,NO
2724,0,0.000001,NO
2725,0,0.000001,NO
2726,0,0.000001,NO
2727,1,0.000109,NO
2728,1,0.084317,NO
2729,5,0.000109,NO
2730,0,0.000006,NO
2731,3,0.000109,NO
2732,1,0.000005,NO
2733,1,0.000000,NO
2734,12,0.000109,NO
2735,7,0.000109,NO
2736,0,0.000002,NO
2737,2,0.000022,NO
2738,0,0.000002,NO
2739,0,0.000002,NO
2740,14,0.000109,NO
2741,10,0.000109,NO
2742,1,0.000000,NO
2743,2,0.000009,NO
2744,1,0.999989,NO
2745,2,0.000109,NO
2746,4,0.000005,NO
2747,4,0.000007,NO
2748,14,0.000109,NO
2749,0,0.000009,NO
2750,57,0.999989,NO
2751,1,0.359712,NO
2752,7,0.000109,NO
2753,1,0.425532,NO
2754,12,0.000109,NO
2755,1,0.677789,NO
2756,1,0.000000,NO
2757,6,0.000109,NO
2758,0,0.000002,NO
2759,6,0.000109,NO
2760,2,0.000014,NO
2761,5,0.000109,NO
2762,1,0.465116,NO
2763,5,0.000012,NO
2764,4,0.000036,NO
2765,7,0.000109,NO
2766,3,0.000054,NO
2767,42,0.000109,NO
2768,1,0.677789,NO
2769,0,0.000003,NO
2770,0,0.000002,NO
2771,1,0.000109,NO
2772,7,0.000007,NO
2773,0,0.000001,NO
2774,0,0.000002,NO
2775,1,0.000000,NO
2776,3,0.000054,NO
2777,9,0.000109,NO
2778,9,0.000109,NO
2779,2,0.000009,NO
2780,1,0.677789,NO
2781,1,0.041929,NO
2782,3,0.000005,NO
2783,0,0.000003,NO
2784,4,0.000009,NO
2785,29,0.000109,NO
2786,7,0.000109,NO
2787,0,0.000003,NO
2788,0,0.000002,NO
2789,30,0.999989,NO
2790,12,0.000109,NO
2791,1,0.000002,NO
2792,0,0.074628,NO
2793,1,0.677789,NO
2794,2,0.000054,NO
2795,1,0.677789,NO
2796,10,0.000022,NO
2797,1,0.084317,NO
2798,13,0.000109,NO
2799,2,0.000006,NO
2800,1,0.084317,NO
2801,0,0.000003,NO
2802,0,0.000002,NO
2803,2,0.000022,NO
2804,1,0.000003,NO
2805,6,0.000054,NO
2806,1,0.041929,NO
2807,2,0.140846,NO
2808,34,0.000109,NO
2809,0,0.000001,NO
2810,1,0.041929,NO
2811,3,0.238097,NO
2812,9,0.000036,NO
2813,2,0.000007,NO
2814,7,0.000054,NO
2815,1,0.088496,NO
2816,4,0.000004,NO
2817,52,0.000109,NO
2818,7,0.000007,NO
2819,26,0.999989,NO
2820,0,0.000002,NO
2821,1,0.151976,NO
2822,14,0.000109,NO
2823,12,0.000109,NO
2824,26,0.000109,NO
2825,32,0.000109,NO
2826,2,0.769226,NO
2827,2,0.000109,NO
2828,1,0.151976,NO
2829,9,0.000109,NO
2830,1,0.677789,NO
2831,23,0.000109,NO
2832,4,0.000005,NO
2833,6,0.000109,NO
2834,1,0.000001,NO
2835,9,0.000109,NO
2836,0,0.000002,NO
2837,1,0.084317,NO
2838,1,0.000000,NO
2839,27,0.000109,NO
2840,1,0.084317,NO
2841,42,0.000054,NO
2842,0,0.000002,NO
2843,4,0.000109,NO
2844,2,0.000003,NO
2845,0,0.000008,NO
2846,5,0.000109,NO
2847,7,0.000005,NO
2848,6,0.000016,NO
2849,25,0.000054,NO
2850,0,0.000003,NO
2851,1,0.041929,NO
2852,1,0.000000,NO
2853,1,0.088496,NO
2854,0,0.000003,NO
2855,0,0.074628,NO
2856,1,0.151976,NO
2857,9,0.000109,NO
2858,4,0.000006,NO
2859,25,0.000109,NO
2860,1,0.000001,NO
2861,9,0.000109,NO
2862,2,0.666666,NO
2863,1,0.151976,NO
2864,4,0.000109,NO
2865,1,0.000001,NO
2866,1,0.677789,NO
2867,1,0.359712,NO
2868,0,0.074628,NO
2869,4,0.000109,NO
2870,1,0.000000,NO
2871,8,0.000109,NO
2872,4,0.000109,NO
2873,1,0.677789,NO
2874,1,0.000003,NO
2875,0,0.000008,NO
2876,1,0.041929,NO
2877,1,0.677789,NO
2878,5,0.000109,NO
2879,10,0.000016,NO
2880,1,0.000000,NO
2881,10,0.000109,YES
2882,4,0.000022,YES
2883,13,0.000109,YES
2884,7,0.000109,YES
2885,1,0.909083,YES
2886,1,0.677789,YES
2887,0,0.000109,YES
2888,33,0.000109,YES
2889,13,0.000109,YES
2890,3,0.980391,YES
2891,4,0.000109,YES
2892,2,0.666666,YES
2893,1,0.000109,YES
2894,20,0.000109,YES
2895,0,0.000027,YES
2896,33,0.000109,YES
2897,1,0.677789,YES
2898,8,0.833327,YES
2899,9,0.000109,YES
2900,23,0.000109,YES
2901,3,0.980391,YES
2902,4,0.000109,YES
2903,53,0.000109,YES
2904,4,0.833330,YES
2905,0,0.000054,YES
2906,24,0.909083,YES
2907,3,0.000022,YES
2908,21,0.999989,YES
2909,5,0.999989,YES
2910,7,0.000109,YES
2911,5,0.957446,YES
2912,1,0.582524,YES
2913,1,0.677789,YES
2914,17,0.000109,YES
2915,1,0.677789,YES
2916,8,0.000109,YES
2917,18,0.000109,YES
2918,1,0.582524,YES
2919,2,0.769226,YES
2920,3,0.958333,YES
2921,2,0.000109,YES
2922,23,0.999989,YES
2923,2,0.000008,YES
2924,2,0.000109,YES
2925,1,0.677789,YES
2926,3,0.980391,YES
2927,3,0.000054,YES
2928,3,0.958333,YES
2929,1,0.677789,YES
2930,14,0.000109,YES
2931,3,0.000010,YES
2932,5,0.957446,YES
2933,4,0.000109,YES
2934,3,0.958333,YES
2935,15,0.999989,YES
2936,3,0.958333,YES
2937,4,0.000109,YES
2938,1,0.677789,YES
2939,33,0.999989,YES
2940,14,0.000109,YES
2941,4,0.000109,YES
2942,5,0.000109,YES
2943,16,0.000109,YES
2944,3,0.322582,YES
2945,28,0.000109,YES
2946,0,0.074628,YES
2947,3,0.958333,YES
2948,13,0.999989,YES
2949,3,0.958333,YES
2950,8,0.999989,YES
2951,7,0.999989,YES
2952,3,0.000109,YES
2953,1,0.000000,NO
2954,13,0.000109,NO
2955,1,0.465116,NO
2956,15,0.000109,NO
2957,0,0.000109,NO
2958,5,0.000109,NO
2959,1,0.000001,NO
2960,0,0.000003,NO
2961,8,0.000109,NO
2962,15,0.000109,NO
2963,4,0.000006,NO
2964,0,0.322582,NO
2965,7,0.000109,NO
2966,22,0.000109,NO
2967,4,0.000036,NO
2968,1,0.000001,NO
2969,5,0.000109,NO
2970,3,0.000054,NO
2971,5,0.714282,NO
2972,1,0.084034,NO
2973,1,0.041068,NO
2974,0,0.000002,NO
2975,5,0.000022,NO
2976,1,0.084034,NO
2977,0,0.000002,NO
2978,1,0.000000,NO
2979,8,0.000018,NO
2980,1,0.000010,NO
2981,3,0.000054,NO
2982,0,0.000002,NO
2983,3,0.000018,NO
2984,6,0.000109,NO
2985,1,0.084034,NO
2986,1,0.675241,NO
2987,0,0.000002,NO
2988,4,0.000109,NO
2989,23,0.000109,NO
2990,1,0.000001,NO
2991,1,0.000000,NO
2992,1,0.675241,NO
2993,1,0.000036,NO
2994,1,0.000001,NO
2995,1,0.000001,NO
2996,3,0.000006,NO
2997,1,0.000018,NO
2998,2,0.000109,NO
2999,3,0.000022,NO
3000,16,0.999989,NO
3001,1,0.041068,NO
3002,13,0.999989,NO
3003,1,0.000000,NO
3004,9,0.000109,NO
3005,5,0.000012,NO
3006,1,0.000011,NO
3007,9,0.000109,NO
3008,15,0.000109,NO
3009,7,0.000006,NO
3010,1,0.084034,NO
3011,1,0.675241,NO
3012,0,0.000005,NO
3013,4,0.000007,NO
3014,1,0.153374,NO
3015,0,0.000002,NO
3016,3,0.000109,NO
3017,8,0.000109,NO
3018,0,0.000002,NO
3019,5,0.000109,NO
3020,0,0.000001,NO
3021,4,0.000054,NO
3022,1,0.675241,NO
3023,1,0.000027,NO
3024,4,0.000003,NO
3025,0,0.000002,NO
3026,1,0.153374,NO
3027,9,0.000036,NO
3028,1,0.041068,NO
3029,2,0.454546,NO
3030,8,0.000054,NO
3031,20,0.000109,NO
3032,117,0.999989,NO
3033,5,0.000008,NO
3034,1,0.352941,NO
3035,4,0.000014,NO
3036,1,0.000109,NO
3037,4,0.000027,NO
3038,8,0.000109,NO
3039,4,0.000016,NO
3040,15,0.000109,NO
3041,3,0.000054,NO
3042,6,0.000036,NO
3043,12,0.000109,NO
3044,19,0.000109,NO
3045,0,0.000005,NO
3046,4,0.000109,NO
3047,1,0.084034,NO
3048,1,0.041068,NO
3049,0,0.000002,NO
3050,0,0.000001,NO
3051,42,0.000109,NO
3052,4,0.000109,NO
3053,3,0.000006,NO
3054,9,0.645160,NO
3055,8,0.000109,NO
3056,9,0.000109,NO
3057,6,0.000109,NO
3058,2,0.000109,NO
3059,20,0.000109,NO
3060,7,0.000109,NO
3061,3,0.238097,NO
3062,1,0.041068,NO
3063,5,0.000005,NO
3064,0,0.000005,NO
3065,1,0.153374,NO
3066,9,0.000109,NO
3067,1,0.000000,NO
3068,1,0.000000,NO
3069,1,0.000000,NO
3070,1,0.000010,NO
3071,0,0.000109,NO
3072,10,0.000016,NO
3073,1,0.000000,NO
3074,1,0.000054,NO
3075,4,0.000109,NO
3076,1,0.000000,NO
3077,1,0.352941,NO
3078,0,0.000001,NO
3079,10,0.000036,NO
3080,1,0.000000,NO
3081,1,0.000005,NO
3082,4,0.000027,NO
3083,4,0.000003,NO
3084,1,0.000005,NO
3085,8,0.000109,NO
3086,1,0.000036,NO
3087,1,0.041068,NO
3088,1,0.675241,NO
3089,4,0.000004,NO
3090,1,0.084034,NO
3091,6,0.000006,NO
3092,4,0.000036,NO
3093,5,0.000005,NO
3094,1,0.000001,NO
3095,1,0.041068,NO
3096,1,0.000001,NO
3097,7,0.000027,NO
3098,0,0.000003,NO
3099,6,0.000006,NO
3100,0,0.000022,NO
3101,0,0.000002,NO
3102,4,0.000004,NO
3103,2,0.000009,NO
3104,6,0.000109,NO
3105,1,0.000001,NO
3106,0,0.000002,NO
3107,9,0.000109,NO
3108,6,0.000109,NO
3109,1,0.000001,NO
3110,1,0.084034,NO
3111,1,0.153374,NO
3112,1,0.153374,NO
3113,1,0.000001,NO
3114,1,0.153374,NO
3115,14,0.000109,NO
3116,1,0.000004,NO
3117,1,0.041068,NO
3118,1,0.000000,NO
3119,3,0.000004,NO
3120,0,0.000003,NO
3121,27,0.000109,NO
3122,25,0.000109,NO
3123,1,0.000000,NO
3124,0,0.000009,NO
3125,1,0.000109,NO
3126,4,0.000054,NO
3127,0,0.000001,NO
3128,1,0.153374,NO
3129,1,0.675241,NO
3130,0,0.000002,NO
3131,1,0.000000,NO
3132,1,0.000003,NO
3133,8,0.000014,NO
3134,4,0.000109,NO
3135,5,0.000109,NO
3136,6,0.000054,NO
3137,4,0.000109,NO
3138,7,0.000109,NO
3139,10,0.000036,NO
3140,1,0.086208,NO
3141,10,0.000036,NO
3142,4,0.000006,NO
3143,3,0.000109,NO
3144,0,0.000109,NO
3145,1,0.000001,NO
3146,7,0.000006,NO
3147,1,0.000002,NO
3148,7,0.000005,NO
3149,6,0.000109,NO
3150,3,0.000109,NO
3151,0,0.000009,NO
3152,17,0.000109,NO
3153,11,0.000109,NO
3154,1,0.084034,NO
3155,3,0.000027,NO
3156,10,0.909083,NO
3157,3,0.973782,NO
3158,5,0.000109,NO
3159,1,0.000054,NO
3160,15,0.000109,NO
3161,1,0.000004,NO
3162,49,0.000109,NO
3163,1,0.675241,NO
3164,0,0.000001,NO
3165,3,0.238097,NO
3166,1,0.000000,NO
3167,8,0.000018,NO
3168,0,0.000002,NO
3169,1,0.041068,NO
3170,8,0.000109,NO
3171,1,0.084034,NO
3172,1,0.153374,NO
3173,1,0.000004,NO
3174,9,0.000109,NO
3175,1,0.084034,NO
3176,0,0.000003,NO
3177,1,0.084034,NO
3178,1,0.153374,NO
3179,1,0.000054,NO
3180,16,0.999989,NO
3181,5,0.000010,NO
3182,6,0.000022,NO
3183,4,0.000006,NO
3184,2,0.000109,NO
3185,1,0.362319,NO
3186,14,0.999989,NO
3187,0,0.000002,NO
3188,1,0.041068,NO
3189,1,0.086208,NO
3190,1,0.000109,NO
3191,1,0.675241,NO
3192,1,0.000004,NO
3193,0,0.138889,NO
3194,1,0.000003,NO
3195,1,0.000036,NO
3196,0,0.000002,NO
3197,1,0.000000,NO
3198,9,0.000054,NO
3199,10,0.000022,NO
3200,0,0.138889,NO
3201,2,0.149255,NO
3202,3,0.000027,NO
3203,1,0.000001,NO
3204,1,0.000109,NO
3205,0,0.000002,NO
3206,14,0.999989,NO
3207,7,0.000036,NO
3208,0,0.000001,NO
3209,14,0.000109,NO
3210,0,0.000001,NO
3211,1,0.465116,NO
3212,0,0.000007,NO
3213,1,0.086208,NO
3214,3,0.000005,NO
3215,10,0.000054,NO
3216,1,0.153374,NO
3217,11,0.000109,NO
3218,2,0.769226,NO
3219,1,0.000000,NO
3220,1,0.084034,NO
3221,1,0.000054,NO
3222,1,0.675241,NO
3223,0,0.000003,NO
3224,9,0.000027,NO
3225,1,0.312501,NO
3226,1,0.000000,NO
3227,1,0.000000,NO
3228,1,0.000054,NO
3229,0,0.000007,NO
3230,3,0.000011,NO
3231,2,0.277779,NO
3232,39,0.000109,NO
3233,2,0.000002,NO
3234,4,0.000016,NO
3235,4,0.588234,NO
3236,1,0.000000,NO
3237,6,0.000109,NO
3238,1,0.000002,NO
3239,6,0.000109,NO
3240,7,0.000109,NO
3241,1,0.352941,NO
3242,1,0.000001,NO
3243,1,0.000000,NO
3244,0,0.000001,NO
3245,2,0.000109,NO
3246,3,0.000003,NO
3247,1,0.084034,NO
3248,5,0.000109,NO
3249,2,0.000109,NO
3250,0,0.000002,NO
3251,25,0.000109,NO
3252,1,0.352941,NO
3253,7,0.000009,NO
3254,12,0.000054,NO
3255,1,0.655737,NO
3256,10,0.000109,NO
3257,7,0.000012,NO
3258,18,0.000109,NO
3259,2,0.149255,NO
3260,1,0.000001,NO
3261,10,0.000022,NO
3262,0,0.000012,NO
3263,5,0.960451,NO
3264,3,0.500000,NO
3265,19,0.000109,NO
3266,27,0.000109,NO
3267,1,0.000001,NO
3268,1,0.041068,NO
3269,0,0.000001,NO
3270,6,0.000022,NO
3271,5,0.000054,NO
3272,27,0.000109,NO
3273,10,0.000109,NO
3274,0,0.000002,NO
3275,1,0.000010,NO
3276,1,0.041068,NO
3277,1,0.153374,NO
3278,0,0.000002,NO
3279,1,0.000000,NO
3280,1,0.000005,NO
3281,4,0.000008,NO
3282,0,0.000001,NO
3283,1,0.153374,NO
3284,5,0.000109,NO
3285,17,0.999989,NO
3286,1,0.675241,NO
3287,0,0.000008,NO
3288,12,0.000109,NO
3289,3,0.000004,NO
3290,1,0.000000,NO
3291,7,0.000006,NO
3292,1,0.000022,NO
3293,1,0.000000,NO
3294,2,0.000003,NO
3295,2,0.149255,NO
3296,0,0.000007,NO
3297,0,0.138889,NO
3298,1,0.000000,NO
3299,10,0.000109,NO
3300,0,0.000005,NO
3301,9,0.000054,NO
3302,8,0.000054,NO
3303,1,0.000000,NO
3304,11,0.000109,NO
3305,7,0.000008,NO
3306,11,0.000109,NO
3307,4,0.000109,NO
3308,0,0.000001,NO
3309,0,0.000003,NO
3310,1,0.000000,NO
3311,5,0.000109,NO
3312,13,0.000054,NO
3313,1,0.086208,NO
3314,1,0.000000,NO
3315,1,0.153374,NO
3316,1,0.000000,NO
3317,0,0.000006,NO
3318,0,0.000001,NO
3319,1,0.675241,NO
3320,23,0.000109,NO
3321,6,0.000054,NO
3322,28,0.999989,NO
3323,0,0.000003,NO
3324,1,0.153374,NO
3325,1,0.084034,NO
3326,17,0.000109,NO
3327,17,0.000109,NO
3328,1,0.000004,NO
3329,4,0.000109,NO
3330,2,0.555555,NO
3331,1,0.000005,NO
3332,0,0.000006,NO
3333,1,0.000011,NO
3334,7,0.000009,NO
3335,2,0.000109,NO
3336,14,0.000109,NO
3337,0,0.000002,NO
3338,1,0.000001,NO
3339,1,0.041068,NO
3340,0,0.000002,NO
3341,1,0.000000,NO
3342,1,0.000036,NO
3343,0,0.000002,NO
3344,15,0.000054,NO
3345,1,0.084034,NO
3346,1,0.000001,NO
3347,0,0.000054,NO
3348,1,0.000000,NO
3349,14,0.000109,NO
3350,0,0.000002,NO
3351,10,0.000027,NO
3352,1,0.000000,NO
3353,14,0.000109,NO
3354,1,0.000000,NO
3355,0,0.000001,NO
3356,2,0.000109,NO
3357,0,0.000001,NO
3358,1,0.153374,NO
3359,0,0.000002,NO
3360,1,0.000001,NO
3361,20,0.000109,NO
3362,13,0.000109,NO
3363,6,0.000109,NO
3364,1,0.000000,NO
3365,7,0.000009,NO
3366,0,0.000002,NO
3367,5,0.000036,NO
3368,1,0.041068,NO
3369,4,0.000008,NO
3370,0,0.000001,NO
3371,0,0.000001,NO
3372,0,0.000001,NO
3373,18,0.999989,NO
3374,6,0.000006,NO
3375,9,0.000109,NO
3376,1,0.000000,NO
3377,4,0.000016,NO
3378,0,0.000010,NO
3379,26,0.000109,NO
3380,1,0.000000,NO
3381,1,0.041068,NO
3382,9,0.000054,NO
3383,4,0.000003,NO
3384,6,0.000016,NO
3385,1,0.000000,NO
3386,1,0.000000,NO
3387,5,0.000109,NO
3388,4,0.000004,NO
3389,4,0.000006,NO
3390,7,0.000109,NO
3391,0,0.000002,NO
3392,21,0.000109,NO
3393,1,0.041068,NO
3394,7,0.000054,NO
3395,6,0.000006,NO
3396,1,0.000109,NO
3397,6,0.999989,NO
3398,3,0.000109,NO
3399,1,0.000000,NO
3400,2,0.000036,NO
3401,10,0.000109,NO
3402,4,0.999989,NO
3403,1,0.000000,NO
3404,0,0.000007,NO
3405,1,0.041068,NO
3406,3,0.000003,NO
3407,5,0.000008,NO
3408,7,0.000109,NO
3409,11,0.000109,NO
3410,3,0.000011,NO
3411,2,0.000005,NO
3412,1,0.084034,NO
3413,5,0.000109,NO
3414,46,0.000109,NO
3415,4,0.689654,NO
3416,2,0.000004,NO
3417,1,0.000000,NO
3418,1,0.000000,NO
3419,1,0.041068,NO
3420,4,0.000014,NO
3421,10,0.000109,NO
3422,1,0.675241,NO
3423,1,0.000022,NO
3424,1,0.153374,NO
3425,3,0.000006,NO
3426,7,0.000005,NO
3427,1,0.000000,NO
3428,8,0.000109,NO
3429,7,0.000109,NO
3430,4,0.000036,NO
3431,16,0.000109,NO
3432,1,0.000001,NO
3433,10,0.000109,NO
3434,1,0.000000,NO
3435,3,0.000005,NO
3436,17,0.000109,NO
3437,16,0.000109,NO
3438,9,0.000109,NO
3439,14,0.000109,NO
3440,1,0.041068,NO
3441,7,0.000036,NO
3442,2,0.000109,NO
3443,0,0.000001,NO
3444,1,0.675241,NO
3445,11,0.999989,NO
3446,3,0.000054,NO
3447,1,0.000036,NO
3448,2,0.000109,NO
3449,2,0.000002,NO
3450,6,0.000109,NO
3451,3,0.000005,NO
3452,5,0.000054,NO
3453,6,0.000109,NO
3454,0,0.000003,NO
3455,1,0.086208,NO
3456,1,0.000001,NO
3457,4,0.000005,NO
3458,17,0.000109,NO
3459,1,0.000000,NO
3460,10,0.000036,NO
3461,1,0.675241,NO
3462,0,0.138889,NO
3463,1,0.041068,NO
3464,42,0.000109,NO
3465,3,0.000036,NO
3466,5,0.000109,NO
3467,2,0.000003,NO
3468,6,0.000014,NO
3469,6,0.000006,NO
3470,8,0.000109,NO
3471,1,0.000001,NO
3472,36,0.000109,NO
3473,15,0.000054,NO
3474,1,0.084034,NO
3475,1,0.041068,NO
3476,2,0.000008,NO
3477,1,0.153374,NO
3478,0,0.000003,NO
3479,0,0.000002,NO
3480,1,0.084034,NO
3481,0,0.000003,NO
3482,1,0.000005,NO
3483,1,0.041068,NO
3484,2,0.000109,NO
3485,0,0.000109,NO
3486,6,0.000016,NO
3487,0,0.138889,NO
3488,10,0.000016,NO
3489,4,0.000007,NO
3490,12,0.000109,NO
3491,0,0.000006,NO
3492,1,0.000000,NO
3493,9,0.000016,NO
3494,30,0.000109,NO
3495,8,0.000109,NO
3496,0,0.000002,NO
3497,1,0.675241,NO
3498,5,0.000109,NO
3499,2,0.000003,NO
3500,1,0.000010,NO
3501,1,0.000000,NO
3502,2,0.000009,NO
3503,0,0.000002,NO
3504,1,0.352941,NO
3505,1,0.153374,NO
3506,9,0.000109,NO
3507,1,0.000000,NO
3508,7,0.000109,NO
3509,1,0.675241,NO
3510,29,0.999989,NO
3511,1,0.000000,NO
3512,1,0.000001,NO
3513,10,0.000022,NO
3514,7,0.000109,NO
3515,3,0.454546,NO
3516,1,0.084034,NO
3517,4,0.000054,NO
3518,0,0.000003,NO
3519,0,0.000005,NO
3520,0,0.000002,NO
3521,1,0.000054,NO
3522,11,0.000109,NO
3523,7,0.000006,NO
3524,6,0.000006,NO
3525,3,0.000005,NO
3526,17,0.999989,NO
3527,1,0.000000,NO
3528,1,0.675241,NO
3529,3,0.000005,NO
3530,11,0.000109,NO
3531,7,0.000006,NO
3532,0,0.000005,NO
3533,7,0.999989,NO
3534,3,0.000109,NO
3535,1,0.041068,NO
3536,2,0.000002,NO
3537,1,0.000001,NO
3538,6,0.000005,NO
3539,1,0.000109,NO
3540,0,0.000001,NO
3541,23,0.000109,NO
3542,29,0.000109,NO
3543,6,0.000109,NO
3544,4,0.588234,NO
3545,15,0.000109,NO
3546,1,0.000109,NO
3547,0,0.000001,NO
3548,25,0.999989,NO
3549,0,0.000002,NO
3550,5,0.000036,NO
3551,2,0.000006,NO
3552,1,0.000000,NO
3553,4,0.000109,NO
3554,1,0.000001,NO
3555,6,0.000006,NO
3556,3,0.000005,NO
3557,4,0.000036,NO
3558,4,0.000036,NO
3559,1,0.000022,NO
3560,1,0.041068,NO
3561,2,0.000007,NO
3562,1,0.000000,NO
3563,18,0.000109,NO
3564,1,0.000003,NO
3565,3,0.000109,NO
3566,0,0.000003,NO
3567,34,0.000109,NO
3568,1,0.000000,NO
3569,5,0.000010,NO
3570,35,0.000109,NO
3571,0,0.000002,NO
3572,1,0.352941,NO
3573,3,0.000005,NO
3574,1,0.000022,NO
3575,0,0.000003,NO
3576,0,0.000002,NO
3577,0,0.000001,NO
3578,8,0.000036,NO
3579,1,0.084034,NO
3580,5,0.000109,NO
3581,0,0.000002,NO
3582,1,0.000001,NO
3583,0,0.000012,NO
3584,2,0.999989,NO
3585,1,0.084034,NO
3586,6,0.999989,NO
3587,1,0.000001,NO
3588,1,0.084034,NO
3589,5,0.999989,NO
3590,0,0.000002,NO
3591,0,0.000008,NO
3592,77,0.999989,NO
3593,2,0.000109,NO
3594,2,0.000006,NO
3595,15,0.000109,NO
3596,17,0.000109,NO
3597,1,0.000000,NO
3598,9,0.000109,NO
3599,4,0.000054,NO
3600,14,0.000109,NO
3601,2,0.000109,NO
3602,1,0.465116,NO
3603,0,0.138889,NO
3604,2,0.149255,NO
3605,2,0.000010,NO
3606,6,0.000005,NO
3607,5,0.000036,NO
3608,3,0.999989,NO
3609,59,0.000109,NO
3610,3,0.000018,NO
3611,1,0.084034,NO
3612,7,0.000006,NO
3613,2,0.000009,NO
3614,1,0.041068,NO
3615,1,0.000000,NO
3616,1,0.000054,NO
3617,0,0.000007,NO
3618,1,0.352941,NO
3619,0,0.000002,NO
3620,0,0.000002,NO
3621,9,0.000014,NO
3622,13,0.000109,NO
3623,7,0.000014,NO
3624,4,0.000109,NO
3625,0,0.000006,NO
3626,1,0.000022,NO
3627,42,0.000109,NO
3628,9,0.000109,NO
3629,1,0.084034,NO
3630,2,0.000005,NO
3631,6,0.000006,NO
3632,0,0.000003,NO
3633,1,0.675241,NO
3634,5,0.714282,NO
3635,0,0.138889,NO
3636,0,0.000003,NO
3637,1,0.084034,NO
3638,3,0.000011,NO
3639,1,0.675241,NO
3640,1,0.465116,NO
3641,13,0.000109,NO
3642,9,0.000016,NO
3643,6,0.000109,NO
3644,6,0.000006,NO
3645,0,0.000003,NO
3646,3,0.000109,NO
3647,1,0.000005,NO
3648,5,0.000109,NO
3649,5,0.000109,NO
3650,0,0.000001,NO
3651,11,0.000109,NO
3652,1,0.000000,NO
3653,4,0.000109,NO
3654,0,0.000002,NO
3655,16,0.000109,NO
3656,7,0.000109,NO
3657,7,0.000036,NO
3658,8,0.000109,NO
3659,4,0.000054,NO
3660,1,0.000000,NO
3661,11,0.000027,NO
3662,9,0.000109,NO
3663,1,0.000003,NO
3664,3,0.000006,NO
3665,1,0.041068,NO
3666,1,0.000109,NO
3667,4,0.000008,NO
3668,10,0.000014,NO
3669,8,0.000018,NO
3670,3,0.000109,NO
3671,8,0.000109,NO
3672,24,0.000109,NO
3673,7,0.000109,NO
3674,10,0.000036,NO
3675,8,0.000109,NO
3676,28,0.000109,NO
3677,6,0.000109,NO
3678,9,0.000016,NO
3679,2,0.000054,NO
3680,6,0.000006,NO
3681,1,0.084034,NO
3682,6,0.000054,NO
3683,6,0.000006,NO
3684,20,0.000109,NO
3685,1,0.000001,NO
3686,4,0.000109,NO
3687,1,0.000000,NO
3688,1,0.041068,NO
3689,2,0.000009,NO
3690,16,0.000109,NO
3691,0,0.138889,NO
3692,1,0.000000,NO
3693,4,0.000004,NO
3694,8,0.000109,NO
3695,1,0.000000,NO
3696,1,0.675241,NO
3697,13,0.000109,NO
3698,3,0.000006,NO
3699,3,0.000054,NO
3700,8,0.000109,NO
3701,8,0.000054,NO
3702,8,0.000054,NO
3703,1,0.000001,NO
3704,0,0.000002,NO
3705,7,0.000006,NO
3706,52,0.000109,NO
3707,1,0.465116,NO
3708,5,0.000109,NO
3709,1,0.041068,NO
3710,1,0.084034,NO
3711,14,0.000036,NO
3712,1,0.362319,NO
3713,2,0.277779,NO
3714,11,0.000109,NO
3715,1,0.000004,NO
3716,58,0.000109,NO
3717,0,0.000003,NO
3718,6,0.000054,NO
3719,20,0.000109,NO
3720,6,0.000109,NO
3721,0,0.000003,NO
3722,11,0.000054,NO
3723,1,0.041068,NO
3724,1,0.084034,NO
3725,16,0.000109,NO
3726,1,0.084034,NO
3727,1,0.675241,NO
3728,1,0.153374,NO
3729,7,0.000006,NO
3730,6,0.000054,NO
3731,1,0.000003,NO
3732,0,0.000002,NO
3733,1,0.000002,NO
3734,6,0.000054,NO
3735,5,0.000109,NO
3736,4,0.000109,NO
3737,2,0.000109,NO
3738,12,0.000054,NO
3739,1,0.084034,NO
3740,3,0.000109,NO
3741,3,0.000011,NO
3742,9,0.000054,NO
3743,0,0.138889,NO
3744,1,0.000001,NO
3745,1,0.000000,NO
3746,1,0.041068,NO
3747,35,0.000109,NO
3748,7,0.000109,NO
3749,3,0.999989,NO
3750,1,0.153374,NO
3751,6,0.000006,NO
3752,0,0.000002,NO
3753,35,0.000054,NO
3754,0,0.000005,NO
3755,3,0.000006,NO
3756,1,0.000000,NO
3757,0,0.138889,NO
3758,1,0.000109,NO
3759,0,0.000011,NO
3760,16,0.909083,NO
3761,3,0.000109,NO
3762,7,0.000109,NO
3763,1,0.000000,NO
3764,1,0.000000,NO
3765,1,0.084034,NO
3766,1,0.000001,NO
3767,1,0.352941,NO
3768,3,0.769226,NO
3769,3,0.238097,NO
3770,0,0.000002,NO
3771,12,0.999989,NO
3772,1,0.041068,NO
3773,4,0.000007,NO
3774,23,0.000109,NO
3775,20,0.000109,NO
3776,1,0.000001,NO
3777,1,0.000000,NO
3778,1,0.000003,NO
3779,1,0.086208,NO
3780,7,0.000005,NO
3781,14,0.000109,NO
3782,9,0.000054,NO
3783,2,0.000003,NO
3784,1,0.000001,NO
3785,3,0.344829,NO
3786,4,0.000018,NO
3787,0,0.000002,NO
3788,1,0.000000,NO
3789,3,0.000109,NO
3790,1,0.041068,NO
3791,2,0.000002,NO
3792,1,0.000000,NO
3793,1,0.086208,NO
3794,1,0.000000,NO
3795,3,0.973782,NO
3796,6,0.000054,NO
3797,1,0.675241,NO
3798,10,0.000036,NO
3799,3,0.000109,NO
3800,11,0.000109,NO
3801,3,0.000004,NO
3802,1,0.041068,NO
3803,1,0.000022,NO
3804,2,0.000109,NO
3805,2,0.000008,NO
3806,1,0.041068,NO
3807,13,0.000109,NO
3808,2,0.000007,NO
3809,5,0.000018,NO
3810,1,0.000005,NO
3811,0,0.000002,NO
3812,1,0.000000,NO
3813,1,0.352941,NO
3814,1,0.000000,NO
3815,1,0.362319,NO
3816,4,0.000012,NO
3817,0,0.138889,NO
3818,3,0.000004,NO
3819,18,0.000109,NO
3820,1,0.041068,NO
3821,13,0.000109,NO
3822,2,0.277779,NO
3823,1,0.000000,NO
3824,8,0.000054,NO
3825,10,0.000036,NO
3826,2,0.000018,NO
3827,1,0.000109,NO
3828,1,0.084034,NO
3829,7,0.909083,NO
3830,1,0.000011,NO
3831,1,0.084034,NO
3832,2,0.000109,NO
3833,1,0.000054,NO
3834,1,0.000012,NO
3835,1,0.675241,NO
3836,15,0.000109,NO
3837,11,0.000109,NO
3838,1,0.000000,NO
3839,11,0.000109,NO
3840,1,0.153374,NO
3841,11,0.000109,NO
3842,1,0.999989,NO
3843,1,0.000000,NO
3844,0,0.000001,NO
3845,5,0.000005,NO
3846,0,0.000010,NO
3847,9,0.000109,NO
3848,1,0.084034,NO
3849,7,0.999989,NO
3850,7,0.000006,NO
3851,0,0.000109,NO
3852,0,0.000002,NO
3853,1,0.041068,NO
3854,0,0.000003,NO
3855,1,0.041068,NO
3856,0,0.000001,NO
3857,22,0.000109,NO
3858,0,0.000002,NO
3859,0,0.138889,NO
3860,17,0.000109,NO
3861,0,0.000003,NO
3862,18,0.000109,NO
3863,4,0.000016,NO
3864,1,0.000109,NO
3865,0,0.000002,NO
3866,0,0.000001,NO
3867,3,0.000109,NO
3868,1,0.000109,NO
3869,1,0.000004,NO
3870,1,0.000018,NO
3871,4,0.000008,NO
3872,1,0.000000,NO
3873,2,0.000005,NO
3874,4,0.000022,NO
3875,1,0.675241,NO
3876,2,0.000109,NO
3877,1,0.000003,NO
3878,1,0.000109,NO
3879,1,0.000000,NO
3880,0,0.000008,NO
3881,1,0.000109,NO
3882,5,0.000022,NO
3883,7,0.000054,NO
3884,2,0.149255,NO
3885,1,0.000000,NO
3886,2,0.000109,NO
3887,14,0.000109,NO
3888,1,0.000003,NO
3889,2,0.810809,NO
3890,1,0.086208,NO
3891,1,0.041068,NO
3892,0,0.138889,NO
3893,0,0.000001,NO
3894,3,0.000005,NO
3895,1,0.153374,NO
3896,7,0.000054,NO
3897,1,0.675241,NO
3898,2,0.000109,NO
3899,9,0.000014,NO
3900,0,0.000109,NO
3901,4,0.000109,NO
3902,5,0.000109,NO
3903,0,0.138889,NO
3904,1,0.086208,NO
3905,0,0.138889,NO
3906,3,0.000109,NO
3907,49,0.000109,NO
3908,7,0.000109,NO
3909,10,0.000036,NO
3910,0,0.000002,NO
3911,7,0.909083,NO
3912,7,0.909083,NO
3913,1,0.153374,NO
3914,3,0.000109,NO
3915,1,0.000001,NO
3916,20,0.000109,NO
3917,0,0.000007,NO
3918,9,0.000010,NO
3919,1,0.153374,NO
3920,0,0.000002,NO
3921,2,0.000054,NO
3922,1,0.084034,NO
3923,1,0.041068,NO
3924,2,0.000004,NO
3925,1,0.000109,NO
3926,9,0.000109,NO
3927,1,0.000001,NO
3928,7,0.000109,NO
3929,0,0.000006,NO
3930,1,0.675241,NO
3931,1,0.153374,NO
3932,28,0.000109,NO
3933,0,0.000006,NO
3934,36,0.000109,NO
3935,0,0.000002,NO
3936,8,0.000018,NO
3937,0,0.000007,NO
3938,8,0.000109,NO
3939,13,0.000109,NO
3940,35,0.000109,NO
3941,0,0.000002,NO
3942,8,0.000011,NO
3943,4,0.000003,NO
3944,0,0.000005,NO
3945,25,0.999989,NO
3946,0,0.000005,NO
3947,1,0.084034,NO
3948,19,0.000109,NO
3949,4,0.000006,NO
3950,0,0.000002,NO
3951,4,0.000018,NO
3952,5,0.000109,NO
3953,2,0.000009,NO
3954,7,0.000027,NO
3955,1,0.362319,NO
3956,2,0.000109,NO
3957,5,0.000012,NO
3958,1,0.153374,NO
3959,1,0.000000,NO
3960,8,0.000054,NO
3961,3,0.000109,NO
3962,1,0.675241,NO
3963,2,0.384616,NO
3964,0,0.000002,NO
3965,2,0.000054,NO
3966,25,0.000109,NO
3967,1,0.000000,NO
3968,6,0.000109,NO
3969,1,0.000000,NO
3970,1,0.041068,NO
3971,4,0.000036,NO
3972,10,0.000109,NO
3973,3,0.000004,NO
3974,15,0.000109,NO
3975,4,0.000054,NO
3976,8,0.000011,NO
3977,12,0.000054,NO
3978,1,0.000000,NO
3979,10,0.000036,NO
3980,12,0.000109,NO
3981,4,0.000036,NO
3982,1,0.000001,NO
3983,1,0.084034,NO
3984,7,0.000109,NO
3985,0,0.000002,NO
3986,6,0.000109,NO
3987,4,0.000003,NO
3988,1,0.000000,NO
3989,0,0.000002,NO
3990,1,0.000001,NO
3991,13,0.000109,NO
3992,1,0.000011,NO
3993,0,0.000002,NO
3994,17,0.000109,NO
3995,0,0.000007,NO
3996,0,0.000001,NO
3997,1,0.000109,NO
3998,1,0.000036,NO
3999,27,0.000109,NO
4000,1,0.000001,NO
4001,1,0.153374,NO
4002,1,0.000054,NO
4003,1,0.000000,NO
4004,23,0.000109,NO
4005,1,0.675241,NO
4006,0,0.000002,NO
4007,1,0.675241,NO
4008,3,0.769226,NO
4009,3,0.238097,NO
4010,4,0.000109,NO
4011,0,0.000001,NO
4012,0,0.000001,NO
4013,0,0.138889,NO
4014,33,0.000109,NO
4015,21,0.000109,NO
4016,4,0.000109,NO
4017,5,0.000036,NO
4018,10,0.000109,NO
4019,1,0.000004,NO
4020,1,0.655737,NO
4021,0,0.000006,NO
4022,1,0.084034,NO
4023,1,0.084034,NO
4024,1,0.000000,NO
4025,1,0.000011,NO
4026,1,0.084034,NO
4027,1,0.084034,NO
4028,29,0.000109,NO
4029,17,0.000109,NO
4030,1,0.675241,NO
4031,1,0.000109,NO
4032,2,0.000109,NO
4033,8,0.000109,NO
4034,9,0.000036,NO
4035,8,0.000054,NO
4036,0,0.000003,NO
4037,1,0.000001,NO
4038,1,0.000001,NO
4039,10,0.000109,NO
4040,0,0.000003,NO
4041,3,0.000010,NO
4042,3,0.000004,NO
4043,1,0.000010,NO
4044,1,0.675241,NO
4045,14,0.000109,NO
4046,1,0.362319,NO
4047,1,0.362319,NO
4048,0,0.000002,NO
4049,3,0.000109,NO
4050,20,0.000109,NO
4051,0,0.000001,NO
4052,0,0.000003,NO
4053,1,0.675241,NO
4054,69,0.000109,NO
4055,9,0.000109,NO
4056,9,0.645160,NO
4057,23,0.000109,NO
4058,7,0.000005,NO
4059,49,0.999989,NO
4060,9,0.000016,NO
4061,8,0.000054,NO
4062,1,0.153374,NO
4063,2,0.000109,NO
4064,0,0.000003,NO
4065,7,0.000027,NO
4066,1,0.655737,NO
4067,3,0.000003,NO
4068,10,0.000109,NO
4069,11,0.000054,NO
4070,5,0.000022,NO
4071,3,0.000022,NO
4072,1,0.000000,NO
4073,0,0.000009,NO
4074,5,0.000022,NO
4075,1,0.000000,NO
4076,7,0.000009,NO
4077,25,0.999989,NO
4078,0,0.000003,NO
4079,2,0.000010,NO
4080,1,0.000109,NO
4081,1,0.084034,NO
4082,6,0.000005,NO
4083,4,0.000016,NO
4084,1,0.000001,NO
4085,1,0.000001,NO
4086,13,0.000109,NO
4087,47,0.000109,NO
4088,1,0.000001,NO
4089,1,0.000003,NO
4090,1,0.675241,NO
4091,1,0.000005,NO
4092,1,0.000004,NO
4093,3,0.000109,NO
4094,10,0.000054,NO
4095,3,0.000109,NO
4096,2,0.833327,NO
4097,1,0.000003,NO
4098,4,0.000005,NO
4099,15,0.000109,NO
4100,1,0.000000,NO
4101,0,0.000002,NO
4102,1,0.000002,NO
4103,5,0.000109,NO
4104,3,0.500000,NO
4105,1,0.000001,NO
4106,11,0.000109,NO
4107,1,0.041068,NO
4108,31,0.000109,NO
4109,1,0.000005,NO
4110,1,0.000000,NO
4111,13,0.000109,NO
4112,18,0.000109,NO
4113,0,0.000002,NO
4114,1,0.084034,NO
4115,2,0.000109,NO
4116,4,0.000014,NO
4117,7,0.000005,NO
4118,9,0.000036,NO
4119,4,0.000008,NO
4120,1,0.362319,NO
4121,1,0.675241,NO
4122,1,0.000005,NO
4123,1,0.000109,NO
4124,1,0.041068,NO
4125,6,0.000012,NO
4126,7,0.000109,NO
4127,11,0.000109,NO
4128,1,0.362319,NO
4129,1,0.000000,NO
4130,7,0.000109,NO
4131,1,0.084034,NO
4132,0,0.000001,NO
4133,14,0.000109,NO
4134,7,0.999995,NO
4135,31,0.000109,NO
4136,0,0.000002,NO
4137,15,0.000109,NO
4138,19,0.000109,NO
4139,1,0.675241,NO
4140,1,0.000000,NO
4141,0,0.000003,NO
4142,17,0.000109,NO
4143,1,0.000000,NO
4144,34,0.000109,NO
4145,1,0.000011,NO
4146,4,0.000006,NO
4147,0,0.000012,NO
4148,6,0.000109,NO
4149,1,0.153374,NO
4150,1,0.000000,NO
4151,2,0.000109,NO
4152,7,0.000006,NO
4153,83,0.000109,NO
4154,0,0.000003,NO
4155,17,0.000109,NO
4156,6,0.000109,NO
4157,1,0.084034,NO
4158,6,0.000022,NO
4159,6,0.000027,NO
4160,2,0.000014,NO
4161,1,0.655737,NO
4162,5,0.000012,NO
4163,3,0.000054,NO
4164,1,0.000109,NO
4165,1,0.000000,NO
4166,21,0.000109,NO
4167,9,0.000109,NO
4168,13,0.999989,NO
4169,15,0.000014,NO
4170,0,0.000007,NO
4171,10,0.000109,NO
4172,1,0.041068,NO
4173,0,0.000002,NO
4174,3,0.000109,NO
4175,1,0.153374,NO
4176,0,0.000006,NO
4177,5,0.000109,NO
4178,1,0.000109,NO
4179,41,0.000109,NO
4180,0,0.138889,NO
4181,7,0.000006,NO
4182,1,0.000001,NO
4183,1,0.000012,NO
4184,0,0.000003,NO
4185,1,0.000000,NO
4186,1,0.000006,NO
4187,45,0.000109,NO
4188,6,0.000036,NO
4189,1,0.000001,NO
4190,31,0.000109,NO
4191,0,0.000003,NO
4192,10,0.000054,NO
4193,0,0.000018,NO
4194,1,0.000109,NO
4195,3,0.000109,NO
4196,18,0.000109,NO
4197,2,0.263159,NO
4198,3,0.000006,NO
4199,1,0.000054,NO
4200,8,0.000054,NO
4201,0,0.000027,NO
4202,33,0.000109,NO
4203,0,0.000003,NO
4204,1,0.084034,NO
4205,4,0.000008,NO
4206,9,0.000054,NO
4207,19,0.000109,NO
4208,16,0.000109,NO
4209,1,0.000001,NO
4210,10,0.000109,NO
4211,3,0.000005,NO
4212,2,0.000004,NO
4213,2,0.149255,NO
4214,1,0.000001,NO
4215,6,0.000054,NO
4216,11,0.000054,NO
4217,1,0.675241,NO
4218,1,0.000000,NO
4219,0,0.000002,NO
4220,1,0.675241,NO
4221,21,0.000109,NO
4222,6,0.000005,NO
4223,4,0.000008,NO
4224,1,0.000000,NO
4225,1,0.000001,NO
4226,13,0.000109,NO
4227,1,0.000001,NO
4228,0,0.000007,NO
4229,0,0.000002,NO
4230,1,0.153374,NO
4231,3,0.973782,NO
4232,24,0.999989,NO
4233,1,0.675241,NO
4234,0,0.000009,NO
4235,1,0.675241,NO
4236,2,0.000011,NO
4237,0,0.322582,NO
4238,12,0.000109,NO
4239,7,0.000109,NO
4240,1,0.041068,NO
4241,6,0.000006,NO
4242,1,0.000109,NO
4243,1,0.000001,NO
4244,7,0.000109,NO
4245,1,0.041068,NO
4246,2,0.000109,NO
4247,0,0.000005,NO
4248,25,0.000109,NO
4249,13,0.000109,NO
4250,12,0.000109,NO
4251,5,0.000012,NO
4252,12,0.000109,NO
4253,18,0.000109,NO
4254,6,0.000109,NO
4255,1,0.153374,NO
4256,39,0.000109,NO
4257,1,0.000027,NO
4258,2,0.810809,NO
4259,1,0.000005,NO
4260,12,0.000109,NO
4261,3,0.000006,NO
4262,9,0.000109,NO
4263,4,0.000054,NO
4264,0,0.000007,NO
4265,13,0.000054,NO
4266,1,0.465116,NO
4267,8,0.000109,NO
4268,1,0.000000,NO
4269,1,0.084034,NO
4270,1,0.675241,NO
4271,1,0.000000,NO
4272,1,0.000000,NO
4273,0,0.000001,NO
4274,1,0.000000,NO
4275,3,0.000036,NO
4276,1,0.675241,NO
4277,11,0.000109,NO
4278,1,0.084034,NO
4279,9,0.000109,NO
4280,4,0.000003,NO
4281,2,0.000005,NO
4282,5,0.000012,NO
4283,1,0.362319,NO
4284,8,0.000109,NO
4285,0,0.138889,NO
4286,1,0.084034,NO
4287,16,0.000109,NO
4288,2,0.000009,NO
4289,5,0.000008,NO
4290,8,0.000109,NO
4291,24,0.000109,NO
4292,1,0.000000,NO
4293,59,0.999989,NO
4294,6,0.000109,NO
4295,1,0.000000,NO
4296,4,0.000007,NO
4297,10,0.000022,NO
4298,2,0.149255,NO
4299,2,0.999989,NO
4300,1,0.084034,NO
4301,5,0.000109,NO
4302,2,0.000109,NO
4303,1,0.000000,NO
4304,9,0.000054,NO
4305,3,0.000109,NO
4306,11,0.000109,NO
4307,0,0.322582,NO
4308,1,0.000000,NO
4309,0,0.000001,NO
4310,22,0.000109,NO
4311,6,0.000109,NO
4312,1,0.000016,NO
4313,2,0.000109,NO
4314,1,0.000036,NO
4315,24,0.000109,NO
4316,11,0.000109,NO
4317,7,0.000027,NO
4318,1,0.675241,NO
4319,8,0.000036,NO
4320,1,0.000000,NO
4321,31,0.000109,NO
4322,3,0.000003,NO
4323,4,0.000003,NO
4324,0,0.000003,NO
4325,7,0.000036,NO
4326,11,0.000109,NO
4327,7,0.000054,NO
4328,8,0.000109,NO
4329,7,0.000109,NO
4330,1,0.000001,NO
4331,5,0.000109,NO
4332,8,0.000109,NO
4333,1,0.084034,NO
4334,0,0.000006,NO
4335,1,0.084034,NO
4336,2,0.555555,NO
4337,5,0.000109,NO
4338,14,0.000109,NO
4339,14,0.000109,NO
4340,2,0.999989,NO
4341,1,0.000005,NO
4342,1,0.153374,NO
4343,1,0.000012,NO
4344,25,0.000054,NO
4345,3,0.000054,NO
4346,7,0.000006,NO
4347,4,0.000005,NO
4348,15,0.000109,NO
4349,3,0.000109,NO
4350,32,0.000109,NO
4351,14,0.000109,NO
4352,2,0.000109,NO
4353,8,0.000018,NO
4354,1,0.675241,NO
4355,0,0.000006,NO
4356,24,0.000109,YES
4357,4,0.833330,YES
4358,18,0.909083,YES
4359,4,0.000109,YES
4360,23,0.000109,YES
4361,3,0.982658,YES
4362,20,0.999989,YES
4363,1,0.675241,YES
4364,4,0.000027,YES
4365,15,0.000109,YES
4366,25,0.000109,YES
4367,6,0.000109,YES
4368,1,0.675241,YES
4369,1,0.675241,YES
4370,9,0.000054,YES
4371,1,0.675241,YES
4372,9,0.000054,YES
4373,47,0.000109,YES
4374,14,0.000109,YES
4375,1,0.000012,YES
4376,8,0.000109,YES
4377,3,0.973782,YES
4378,18,0.000109,YES
4379,5,0.000109,YES
4380,1,0.999989,YES
4381,18,0.000109,YES
4382,9,0.999995,YES
4383,15,0.000109,YES
4384,19,0.999989,YES
4385,4,0.000109,YES
4386,16,0.999989,YES
4387,1,0.000109,YES
4388,26,0.999989,YES
4389,1,0.352941,YES
4390,4,0.000109,YES
4391,1,0.999989,YES
4392,13,0.000109,YES
4393,6,0.000109,YES
4394,13,0.000109,YES
4395,10,0.000109,YES
4396,3,0.973782,YES
4397,88,0.000109,YES
4398,1,0.675241,YES
4399,9,0.000109,YES
4400,22,0.000109,YES
4401,23,0.999989,YES
4402,10,0.000109,YES
4403,1,0.352941,YES
4404,1,0.675241,YES
4405,14,0.999989,YES
4406,2,0.000109,YES
4407,5,0.960451,YES
4408,3,0.000006,YES
4409,24,0.000109,YES
4410,8,0.000109,YES
4411,27,0.000109,YES
4412,53,0.999989,YES
4413,5,0.000109,YES
4414,1,0.675241,YES
4415,5,0.960451,YES
4416,3,0.973782,YES
4417,20,0.000109,YES
4418,2,0.833327,YES
4419,24,0.000109,YES
4420,10,0.000109,YES
4421,34,0.000109,YES
4422,3,0.769226,YES
4423,1,0.675241,YES
4424,5,0.960451,YES
4425,1,0.675241,YES
4426,22,0.000054,YES
4427,23,0.000109,YES
4428,23,0.000109,YES
4429,1,0.000000,NO
4430,5,0.000109,NO
4431,24,0.000109,NO
4432,0,0.000001,NO
4433,1,0.000003,NO
4434,4,0.000054,NO
4435,2,0.000011,NO
4436,8,0.000109,NO
4437,0,0.000001,NO
4438,3,0.000109,NO
4439,1,0.090910,NO
4440,4,0.000016,NO
4441,1,0.000003,NO
4442,1,0.000007,NO
4443,4,0.000003,NO
4444,1,0.000000,NO
4445,1,0.123839,NO
4446,1,0.000109,NO
4447,7,0.000008,NO
4448,2,0.000005,NO
4449,1,0.040984,NO
4450,2,0.000109,NO
4451,9,0.000109,NO
4452,2,0.000003,NO
4453,1,0.083195,NO
4454,4,0.000109,NO
4455,1,0.000000,NO
4456,0,0.000005,NO
4457,4,0.909088,NO
4458,4,0.000109,NO
4459,17,0.000109,NO
4460,1,0.425532,NO
4461,9,0.000036,NO
4462,35,0.999989,NO
4463,9,0.000109,NO
4464,6,0.000014,NO
4465,1,0.040984,NO
4466,0,0.000008,NO
4467,0,0.000001,NO
4468,1,0.040984,NO
4469,1,0.000000,NO
4470,4,0.000007,NO
4471,0,0.322582,NO
4472,69,0.000109,NO
4473,1,0.000000,NO
4474,4,0.000004,NO
4475,4,0.000018,NO
4476,6,0.000109,NO
4477,1,0.000022,NO
4478,1,0.000022,NO
4479,6,0.000109,NO
4480,0,0.000001,NO
4481,8,0.000109,NO
4482,0,0.000004,NO
4483,37,0.000109,NO
4484,1,0.000001,NO
4485,1,0.000001,NO
4486,8,0.000109,NO
4487,0,0.000002,NO
4488,23,0.000109,NO
4489,1,0.636363,NO
4490,5,0.000011,NO
4491,10,0.000036,NO
4492,3,0.000007,NO
4493,7,0.999989,NO
4494,7,0.000109,NO
4495,4,0.000054,NO
4496,4,0.588234,NO
4497,5,0.000011,NO
4498,0,0.000003,NO
4499,1,0.000001,NO
4500,1,0.083195,NO
4501,1,0.000014,NO
4502,1,0.040984,NO
4503,0,0.132451,NO
4504,1,0.000000,NO
4505,0,0.000008,NO
4506,11,0.000109,NO
4507,13,0.000109,NO
4508,1,0.123839,NO
4509,3,0.000004,NO
4510,1,0.083195,NO
4511,1,0.000000,NO
4512,3,0.000027,NO
4513,0,0.000003,NO
4514,0,0.000001,NO
4515,0,0.000001,NO
4516,0,0.000002,NO
4517,8,0.000036,NO
4518,1,0.000001,NO
4519,0,0.000014,NO
4520,0,0.000002,NO
4521,4,0.000004,NO
4522,1,0.123839,NO
4523,15,0.000109,NO
4524,4,0.714284,NO
4525,6,0.000109,NO
4526,4,0.714282,NO
4527,10,0.000109,NO
4528,14,0.999989,NO
4529,1,0.000016,NO
4530,1,0.000001,NO
4531,3,0.000005,NO
4532,2,0.000011,NO
4533,1,0.674394,NO
4534,5,0.000011,NO
4535,6,0.000109,NO
4536,0,0.000001,NO
4537,6,0.000036,NO
4538,2,0.151516,NO
4539,1,0.000007,NO
4540,5,0.000054,NO
4541,1,0.040984,NO
4542,10,0.000109,NO
4543,1,0.000054,NO
4544,9,0.000011,NO
4545,6,0.000006,NO
4546,17,0.000109,NO
4547,15,0.999989,NO
4548,1,0.040984,NO
4549,7,0.000016,NO
4550,0,0.322582,NO
4551,0,0.000014,NO
4552,1,0.083195,NO
4553,0,0.000001,NO
4554,14,0.000109,NO
4555,1,0.000000,NO
4556,1,0.000000,NO
4557,2,0.555555,NO
4558,6,0.000054,NO
4559,0,0.000002,NO
4560,0,0.000003,NO
4561,1,0.000001,NO
4562,1,0.123839,NO
4563,4,0.000018,NO
4564,7,0.000054,NO
4565,31,0.000109,NO
4566,6,0.000109,NO
4567,1,0.040984,NO
4568,0,0.000003,NO
4569,5,0.000011,NO
4570,4,0.000109,NO
4571,16,0.000109,NO
4572,2,0.000004,NO
4573,5,0.000109,NO
4574,1,0.425532,NO
4575,5,0.999989,NO
4576,1,0.000000,NO
4577,0,0.000005,NO
4578,8,0.000109,NO
4579,2,0.000054,NO
4580,0,0.000027,NO
4581,1,0.674394,NO
4582,32,0.000109,NO
4583,1,0.000000,NO
4584,0,0.000003,NO
4585,0,0.000002,NO
4586,108,0.000109,NO
4587,7,0.000109,NO
4588,15,0.000109,NO
4589,0,0.132451,NO
4590,0,0.000008,NO
4591,1,0.000001,NO
4592,1,0.000002,NO
4593,3,0.000109,NO
4594,1,0.040984,NO
4595,5,0.000006,NO
4596,1,0.083195,NO
4597,0,0.000002,NO
4598,25,0.000109,NO
4599,0,0.000005,NO
4600,1,0.000000,NO
4601,1,0.000014,NO
4602,4,0.000003,NO
4603,1,0.000001,NO
4604,1,0.083195,NO
4605,0,0.000003,NO
4606,5,0.000022,NO
4607,1,0.000009,NO
4608,4,0.000109,NO
4609,0,0.000003,NO
4610,0,0.000003,NO
4611,0,0.000003,NO
4612,1,0.000001,NO
4613,38,0.999989,NO
4614,18,0.000109,NO
4615,10,0.000109,NO
4616,1,0.674394,NO
4617,8,0.000011,NO
4618,1,0.674394,NO
4619,1,0.674394,NO
4620,1,0.674394,NO
4621,0,0.000002,NO
4622,1,0.083195,NO
4623,8,0.000005,NO
4624,15,0.000109,NO
4625,9,0.645160,NO
4626,17,0.000109,NO
4627,1,0.000000,NO
4628,0,0.000007,NO
4629,4,0.000012,NO
4630,2,0.000054,NO
4631,1,0.000000,NO
4632,0,0.000001,NO
4633,0,0.000006,NO
4634,1,0.083195,NO
4635,26,0.000109,NO
4636,12,0.000109,NO
4637,11,0.000109,NO
4638,1,0.000000,NO
4639,5,0.000109,NO
4640,25,0.000109,NO
4641,15,0.000109,NO
4642,31,0.000109,NO
4643,1,0.000109,NO
4644,10,0.000109,NO
4645,8,0.000109,NO
4646,4,0.000036,NO
4647,3,0.000005,NO
4648,0,0.000001,NO
4649,3,0.999989,NO
4650,0,0.000003,NO
4651,5,0.000054,NO
4652,2,0.277779,NO
4653,17,0.000109,NO
4654,0,0.000002,NO
4655,8,0.000109,NO
4656,2,0.151516,NO
4657,12,0.000109,NO
4658,1,0.040984,NO
4659,4,0.000027,NO
4660,1,0.123839,NO
4661,1,0.000000,NO
4662,0,0.000003,NO
4663,1,0.000002,NO
4664,0,0.000003,NO
4665,1,0.083195,NO
4666,1,0.000109,NO
4667,4,0.000109,NO
4668,6,0.000054,NO
4669,1,0.359712,NO
4670,9,0.000011,NO
4671,1,0.000000,NO
4672,1,0.000000,NO
4673,80,0.000109,NO
4674,1,0.090910,NO
4675,6,0.000014,NO
4676,16,0.000109,NO
4677,6,0.000007,NO
4678,64,0.000109,NO
4679,14,0.000109,NO
4680,2,0.869562,NO
4681,1,0.000001,NO
4682,6,0.384616,NO
4683,0,0.000002,NO
4684,0,0.000001,NO
4685,11,0.000109,NO
4686,1,0.000012,NO
4687,1,0.636363,NO
4688,1,0.000001,NO
4689,9,0.000109,NO
4690,4,0.000005,NO
4691,16,0.000109,NO
4692,1,0.000000,NO
4693,2,0.000109,NO
4694,0,0.132451,NO
4695,1,0.000000,NO
4696,1,0.000000,NO
4697,1,0.000022,NO
4698,5,0.000109,NO
4699,1,0.000000,NO
4700,3,0.000005,NO
4701,4,0.000109,NO
4702,1,0.000001,NO
4703,3,0.000109,NO
4704,1,0.000001,NO
4705,11,0.999989,NO
4706,14,0.000109,NO
4707,0,0.000002,NO
4708,0,0.000009,NO
4709,1,0.000001,NO
4710,1,0.083195,NO
4711,7,0.000005,NO
4712,1,0.000002,NO
4713,5,0.000109,NO
4714,1,0.000000,NO
4715,4,0.000003,NO
4716,2,0.555555,NO
4717,1,0.674394,NO
4718,2,0.000054,NO
4719,3,0.000005,NO
4720,15,0.000109,NO
4721,0,0.000001,NO
4722,0,0.000001,NO
4723,1,0.123839,NO
4724,1,0.000000,NO
4725,15,0.000109,NO
4726,2,0.000008,NO
4727,1,0.000007,NO
4728,1,0.000011,NO
4729,1,0.000000,NO
4730,3,0.000004,NO
4731,17,0.000109,NO
4732,6,0.000109,NO
4733,0,0.000003,NO
4734,1,0.425532,NO
4735,0,0.000002,NO
4736,2,0.000005,NO
4737,1,0.040984,NO
4738,8,0.000006,NO
4739,0,0.000012,NO
4740,1,0.123839,NO
4741,12,0.000109,NO
4742,1,0.000001,NO
4743,2,0.151516,NO
4744,11,0.000109,NO
4745,25,0.000109,NO
4746,3,0.000004,NO
4747,1,0.000000,NO
4748,0,0.000003,NO
4749,5,0.000006,NO
4750,0,0.000010,NO
4751,0,0.000109,NO
4752,1,0.000054,NO
4753,1,0.000000,NO
4754,1,0.674394,NO
4755,1,0.000000,NO
4756,97,0.000109,NO
4757,6,0.384616,NO
4758,7,0.000054,NO
4759,1,0.000000,NO
4760,4,0.000007,NO
4761,1,0.000005,NO
4762,19,0.000109,NO
4763,5,0.000022,NO
4764,3,0.000027,NO
4765,10,0.000109,NO
4766,13,0.000109,NO
4767,0,0.000002,NO
4768,1,0.000001,NO
4769,3,0.000109,NO
4770,0,0.000001,NO
4771,8,0.000036,NO
4772,4,0.000109,NO
4773,2,0.000002,NO
4774,8,0.000109,NO
4775,5,0.000054,NO
4776,0,0.000001,NO
4777,14,0.000109,NO
4778,5,0.975609,NO
4779,0,0.000003,NO
4780,9,0.645160,NO
4781,1,0.999989,NO
4782,1,0.000036,NO
4783,2,0.000109,NO
4784,2,0.151516,NO
4785,1,0.674394,NO
4786,0,0.000002,NO
4787,1,0.000000,NO
4788,15,0.000109,NO
4789,1,0.000000,NO
4790,21,0.000109,NO
4791,0,0.000109,NO
4792,2,0.526315,NO
4793,1,0.000000,NO
4794,1,0.674394,NO
4795,1,0.000001,NO
4796,4,0.000003,NO
4797,1,0.000001,NO
4798,0,0.000001,NO
4799,43,0.000109,NO
4800,16,0.000109,NO
4801,6,0.000109,NO
4802,4,0.000003,NO
4803,22,0.000054,NO
4804,25,0.000109,NO
4805,1,0.040984,NO
4806,0,0.000007,NO
4807,1,0.359712,NO
4808,1,0.083195,NO
4809,3,0.000005,NO
4810,1,0.083195,NO
4811,0,0.000001,NO
4812,1,0.000002,NO
4813,4,0.000014,NO
4814,4,0.000036,NO
4815,4,0.000003,NO
4816,7,0.000022,NO
4817,0,0.000003,NO
4818,0,0.322582,NO
4819,8,0.000006,NO
4820,2,0.000109,NO
4821,1,0.000000,NO
4822,21,0.000109,NO
4823,13,0.000109,NO
4824,1,0.083195,NO
4825,46,0.000109,NO
4826,7,0.000006,NO
4827,18,0.999989,NO
4828,4,0.000004,NO
4829,4,0.000054,NO
4830,6,0.000007,NO
4831,3,0.000109,NO
4832,1,0.000109,NO
4833,7,0.000109,NO
4834,12,0.000109,NO
4835,0,0.000003,NO
4836,1,0.083195,NO
4837,9,0.000014,NO
4838,3,0.000018,NO
4839,1,0.083195,NO
4840,5,0.000109,NO
4841,0,0.000010,NO
4842,1,0.000000,NO
4843,11,0.000109,NO
4844,0,0.000012,NO
4845,0,0.000003,NO
4846,1,0.000109,NO
4847,1,0.487805,NO
4848,30,0.000109,NO
4849,2,0.000002,NO
4850,6,0.000006,NO
4851,1,0.000000,NO
4852,1,0.083195,NO
4853,0,0.000003,NO
4854,3,0.000054,NO
4855,2,0.000109,NO
4856,1,0.674394,NO
4857,12,0.000109,NO
4858,1,0.083195,NO
4859,27,0.000109,NO
4860,19,0.000109,NO
4861,4,0.000036,NO
4862,6,0.000006,NO
4863,1,0.000000,NO
4864,43,0.000109,NO
4865,1,0.000000,NO
4866,7,0.000054,NO
4867,25,0.999989,NO
4868,1,0.000000,NO
4869,42,0.000109,NO
4870,0,0.000002,NO
4871,5,0.000109,NO
4872,1,0.636363,NO
4873,13,0.999989,NO
4874,9,0.000036,NO
4875,0,0.000002,NO
4876,1,0.083195,NO
4877,7,0.000109,NO
4878,6,0.000109,NO
4879,1,0.083195,NO
4880,2,0.000009,NO
4881,1,0.090910,NO
4882,0,0.000003,NO
4883,5,0.000109,NO
4884,1,0.000007,NO
4885,13,0.000109,NO
4886,2,0.000036,NO
4887,3,0.000007,NO
4888,69,0.000109,NO
4889,4,0.000005,NO
4890,0,0.000003,NO
4891,5,0.000022,NO
4892,19,0.000109,NO
4893,14,0.000109,NO
4894,0,0.000001,NO
4895,1,0.000001,NO
4896,1,0.000000,NO
4897,8,0.000109,NO
4898,0,0.000001,NO
4899,0,0.000001,NO
4900,1,0.000000,NO
4901,1,0.040984,NO
4902,1,0.000000,NO
4903,1,0.674394,NO
4904,0,0.000005,NO
4905,9,0.000109,NO
4906,0,0.000001,NO
4907,1,0.000014,NO
4908,6,0.000109,NO
4909,2,0.270272,NO
4910,1,0.425532,NO
4911,9,0.000109,NO
4912,4,0.000003,NO
4913,1,0.000109,NO
4914,1,0.000000,NO
4915,4,0.000109,NO
4916,1,0.000000,NO
4917,1,0.123839,NO
4918,0,0.132451,NO
4919,4,0.714284,NO
4920,0,0.000001,NO
4921,3,0.000016,NO
4922,1,0.083195,NO
4923,0,0.000002,NO
4924,1,0.000000,NO
4925,27,0.000109,NO
4926,1,0.425532,NO
4927,0,0.132451,NO
4928,1,0.000000,NO
4929,0,0.000002,NO
4930,3,0.000054,NO
4931,1,0.000007,NO
4932,1,0.000000,NO
4933,1,0.000001,NO
4934,1,0.090910,NO
4935,3,0.000010,NO
4936,7,0.000054,NO
4937,1,0.000007,NO
4938,1,0.040984,NO
4939,10,0.000022,NO
4940,9,0.000109,NO
4941,1,0.674394,NO
4942,11,0.000109,NO
4943,1,0.000000,NO
4944,34,0.999989,NO
4945,33,0.000109,NO
4946,9,0.000109,NO
4947,1,0.359712,NO
4948,1,0.000000,NO
4949,0,0.000001,NO
4950,0,0.000003,NO
4951,4,0.000036,NO
4952,9,0.000027,NO
4953,1,0.000000,NO
4954,1,0.000036,NO
4955,0,0.000001,NO
4956,1,0.040984,NO
4957,11,0.000027,NO
4958,0,0.000003,NO
4959,5,0.000054,NO
4960,8,0.000109,NO
4961,5,0.975609,NO
4962,7,0.000027,NO
4963,7,0.000007,NO
4964,1,0.000001,NO
4965,1,0.000000,NO
4966,1,0.083195,NO
4967,4,0.000109,NO
4968,0,0.000001,NO
4969,26,0.000109,NO
4970,1,0.000000,NO
4971,1,0.040984,NO
4972,0,0.000001,NO
4973,5,0.000016,NO
4974,1,0.000001,NO
4975,2,0.000008,NO
4976,3,0.966542,NO
4977,2,0.000004,NO
4978,1,0.000001,NO
4979,3,0.000005,NO
4980,1,0.000000,NO
4981,3,0.000027,NO
4982,21,0.000109,NO
4983,0,0.000002,NO
4984,1,0.322582,NO
4985,1,0.359712,NO
4986,22,0.000109,NO
4987,1,0.000001,NO
4988,0,0.000002,NO
4989,21,0.000109,NO
4990,1,0.040984,NO
4991,10,0.000109,NO
4992,28,0.000109,NO
4993,1,0.000000,NO
4994,1,0.083195,NO
4995,0,0.000002,NO
4996,7,0.000006,NO
4997,1,0.000005,NO
4998,35,0.000109,NO
4999,1,0.359712,NO
5000,1,0.000022,NO
5001,6,0.000027,NO
5002,66,0.000109,NO
5003,2,0.000005,NO
5004,0,0.000002,NO
5005,5,0.000036,NO
5006,1,0.674394,NO
5007,0,0.000001,NO
5008,3,0.000027,NO
5009,1,0.083195,NO
5010,1,0.000016,NO
5011,1,0.040984,NO
5012,1,0.123839,NO
5013,4,0.000036,NO
5014,5,0.000006,NO
5015,0,0.000002,NO
5016,9,0.000014,NO
5017,26,0.000109,NO
5018,1,0.487805,NO
5019,22,0.000109,NO
5020,6,0.000054,NO
5021,1,0.000109,NO
5022,5,0.000014,NO
5023,12,0.000054,NO
5024,0,0.000002,NO
5025,4,0.000003,NO
5026,4,0.000014,NO
5027,1,0.000000,NO
5028,9,0.000054,NO
5029,1,0.000000,NO
5030,1,0.674394,NO
5031,1,0.487805,NO
5032,1,0.083195,NO
5033,1,0.000022,NO
5034,6,0.000054,NO
5035,2,0.555555,NO
5036,9,0.000109,NO
5037,2,0.000054,NO
5038,4,0.000109,NO
5039,1,0.000001,NO
5040,7,0.909083,NO
5041,0,0.000002,NO
5042,1,0.000109,NO
5043,4,0.000004,NO
5044,3,0.370371,NO
5045,17,0.000109,NO
5046,7,0.000054,NO
5047,1,0.000000,NO
5048,8,0.000109,NO
5049,3,0.000005,NO
5050,4,0.000012,NO
5051,1,0.487805,NO
5052,8,0.999989,NO
5053,16,0.000109,NO
5054,2,0.999989,NO
5055,0,0.000003,NO
5056,1,0.000012,NO
5057,0,0.000014,NO
5058,0,0.000003,NO
5059,17,0.999989,NO
5060,6,0.000054,NO
5061,0,0.000002,NO
5062,6,0.000018,NO
5063,4,0.000007,NO
5064,1,0.083195,NO
5065,18,0.999989,NO
5066,1,0.000000,NO
5067,0,0.000002,NO
5068,13,0.000109,NO
5069,0,0.000022,NO
5070,1,0.000000,NO
5071,28,0.000109,NO
5072,21,0.000109,NO
5073,5,0.000010,NO
5074,0,0.000001,NO
5075,11,0.000036,NO
5076,4,0.000109,NO
5077,0,0.000003,NO
5078,10,0.000016,NO
5079,6,0.000054,NO
5080,21,0.000109,NO
5081,0,0.000002,NO
5082,1,0.040984,NO
5083,1,0.040984,NO
5084,1,0.000000,NO
5085,2,0.000008,NO
5086,1,0.040984,NO
5087,1,0.040984,NO
5088,1,0.000000,NO
5089,8,0.000109,NO
5090,27,0.000109,NO
5091,4,0.000007,NO
5092,19,0.000109,NO
5093,1,0.000016,NO
5094,15,0.000109,NO
5095,12,0.000054,NO
5096,1,0.000000,NO
5097,7,0.000109,NO
5098,1,0.000000,NO
5099,4,0.000012,NO
5100,2,0.555555,NO
5101,3,0.000054,NO
5102,3,0.000005,NO
5103,10,0.000022,NO
5104,1,0.000000,NO
5105,1,0.000000,NO
5106,10,0.000054,NO
5107,1,0.000022,NO
5108,18,0.000109,NO
5109,2,0.555555,NO
5110,7,0.000006,NO
5111,5,0.975609,NO
5112,17,0.000109,NO
5113,1,0.359712,NO
5114,0,0.000003,NO
5115,1,0.000000,NO
5116,2,0.000109,NO
5117,7,0.000005,NO
5118,11,0.000109,NO
5119,8,0.000109,NO
5120,0,0.000009,NO
5121,1,0.674394,NO
5122,6,0.000054,NO
5123,1,0.000000,NO
5124,2,0.000109,NO
5125,0,0.000001,NO
5126,4,0.000004,NO
5127,1,0.083195,NO
5128,2,0.000009,NO
5129,1,0.000001,NO
5130,4,0.000007,NO
5131,2,0.000109,NO
5132,6,0.000018,NO
5133,0,0.000002,NO
5134,0,0.000005,NO
5135,1,0.000036,NO
5136,14,0.000109,NO
5137,0,0.000011,NO
5138,1,0.636363,NO
5139,1,0.000000,NO
5140,1,0.000000,NO
5141,1,0.083195,NO
5142,1,0.000005,NO
5143,0,0.000054,NO
5144,0,0.000054,NO
5145,3,0.000109,NO
5146,1,0.040984,NO
5147,18,0.000109,NO
5148,25,0.000109,NO
5149,3,0.000003,NO
5150,1,0.674394,NO
5151,2,0.277779,NO
5152,1,0.674394,NO
5153,0,0.000001,NO
5154,1,0.359712,NO
5155,1,0.674394,NO
5156,3,0.799997,NO
5157,10,0.000109,NO
5158,1,0.000003,NO
5159,5,0.000054,NO
5160,0,0.000001,NO
5161,1,0.487805,NO
5162,1,0.040984,NO
5163,1,0.090910,NO
5164,4,0.000004,NO
5165,2,0.000004,NO
5166,1,0.123839,NO
5167,1,0.040984,NO
5168,1,0.000005,NO
5169,6,0.000109,NO
5170,0,0.000002,NO
5171,12,0.000109,NO
5172,7,0.000109,NO
5173,10,0.000109,NO
5174,3,0.222224,NO
5175,5,0.000054,NO
5176,15,0.000109,NO
5177,2,0.000018,NO
5178,8,0.000109,NO
5179,4,0.000054,NO
5180,14,0.000109,NO
5181,1,0.000000,NO
5182,0,0.000014,NO
5183,1,0.000000,NO
5184,4,0.000006,NO
5185,1,0.674394,NO
5186,5,0.000109,NO
5187,8,0.000054,NO
5188,1,0.000001,NO
5189,0,0.000004,NO
5190,1,0.123839,NO
5191,12,0.000109,NO
5192,1,0.000000,NO
5193,1,0.000000,NO
5194,2,0.000006,NO
5195,13,0.000109,NO
5196,0,0.000001,NO
5197,0,0.000109,NO
5198,10,0.000036,NO
5199,1,0.000036,NO
5200,1,0.000022,NO
5201,31,0.000054,NO
5202,1,0.000000,NO
5203,1,0.083195,NO
5204,15,0.000109,NO
5205,1,0.040984,NO
5206,6,0.000006,NO
5207,1,0.636363,NO
5208,1,0.040984,NO
5209,3,0.000003,NO
5210,4,0.000036,NO
5211,7,0.000109,NO
5212,1,0.000001,NO
5213,7,0.000006,NO
5214,7,0.000109,NO
5215,1,0.083195,NO
5216,1,0.674394,NO
5217,0,0.000003,NO
5218,1,0.040984,NO
5219,18,0.999989,NO
5220,0,0.000009,NO
5221,1,0.487805,NO
5222,2,0.000012,NO
5223,1,0.123839,NO
5224,8,0.000054,NO
5225,39,0.000109,NO
5226,1,0.674394,NO
5227,1,0.000003,NO
5228,4,0.000003,NO
5229,4,0.000016,NO
5230,7,0.000016,NO
5231,1,0.000001,NO
5232,1,0.000002,NO
5233,0,0.000002,NO
5234,3,0.000005,NO
5235,1,0.425532,NO
5236,3,0.000005,NO
5237,5,0.000007,NO
5238,3,0.000007,NO
5239,0,0.000009,NO
5240,1,0.425532,NO
5241,4,0.000054,NO
5242,0,0.000002,NO
5243,1,0.000001,NO
5244,1,0.425532,NO
5245,60,0.000109,NO
5246,1,0.123839,NO
5247,1,0.000000,NO
5248,1,0.487805,NO
5249,2,0.000007,NO
5250,1,0.674394,NO
5251,1,0.040984,NO
5252,12,0.000109,NO
5253,11,0.000109,NO
5254,1,0.090910,NO
5255,4,0.000054,NO
5256,0,0.000007,NO
5257,1,0.000036,NO
5258,11,0.000109,NO
5259,0,0.000008,NO
5260,1,0.123839,NO
5261,8,0.000006,NO
5262,14,0.000109,NO
5263,3,0.000004,NO
5264,4,0.000007,NO
5265,2,0.000003,NO
5266,1,0.425532,NO
5267,9,0.000109,NO
5268,6,0.000109,NO
5269,0,0.000003,NO
5270,1,0.674394,NO
5271,1,0.000000,NO
5272,14,0.999989,NO
5273,4,0.000027,NO
5274,0,0.000002,NO
5275,0,0.000054,NO
5276,4,0.000003,NO
5277,0,0.000005,NO
5278,3,0.000018,NO
5279,1,0.000109,NO
5280,4,0.000109,NO
5281,5,0.000054,NO
5282,1,0.040984,NO
5283,5,0.000014,NO
5284,6,0.000109,NO
5285,0,0.000003,NO
5286,13,0.000109,NO
5287,25,0.000109,NO
5288,13,0.000109,NO
5289,1,0.322582,NO
5290,29,0.000109,NO
5291,11,0.999989,NO
5292,5,0.000014,NO
5293,1,0.000109,NO
5294,1,0.040984,NO
5295,34,0.000109,NO
5296,6,0.000054,NO
5297,5,0.000109,NO
5298,5,0.000006,NO
5299,1,0.090910,NO
5300,0,0.000003,NO
5301,0,0.000010,NO
5302,1,0.083195,NO
5303,11,0.000109,NO
5304,1,0.000003,NO
5305,0,0.000002,NO
5306,2,0.000022,NO
5307,2,0.000012,NO
5308,12,0.000054,NO
5309,7,0.909083,NO
5310,0,0.000004,NO
5311,4,0.000054,NO
5312,5,0.000109,NO
5313,6,0.000006,NO
5314,1,0.000007,NO
5315,0,0.000011,NO
5316,55,0.000109,NO
5317,9,0.000109,NO
5318,1,0.000000,NO
5319,13,0.999989,NO
5320,3,0.000027,NO
5321,5,0.000109,NO
5322,4,0.000109,NO
5323,1,0.000000,NO
5324,3,0.000007,NO
5325,1,0.000007,NO
5326,28,0.000109,NO
5327,1,0.083195,NO
5328,58,0.000109,NO
5329,0,0.000002,NO
5330,1,0.000001,NO
5331,1,0.000001,NO
5332,28,0.000109,NO
5333,4,0.000109,NO
5334,1,0.000011,NO
5335,3,0.000036,NO
5336,4,0.000109,NO
5337,2,0.000011,NO
5338,3,0.000054,NO
5339,0,0.000002,NO
5340,43,0.000109,NO
5341,0,0.000007,NO
5342,1,0.090910,NO
5343,5,0.000054,NO
5344,1,0.000001,NO
5345,1,0.040984,NO
5346,1,0.123839,NO
5347,7,0.000012,NO
5348,17,0.999989,NO
5349,10,0.000016,NO
5350,1,0.083195,NO
5351,0,0.000002,NO
5352,4,0.000027,NO
5353,7,0.000109,NO
5354,0,0.132451,NO
5355,10,0.000109,NO
5356,1,0.090910,NO
5357,13,0.000109,NO
5358,3,0.000004,NO
5359,5,0.000018,NO
5360,15,0.000109,NO
5361,1,0.000001,NO
5362,4,0.000054,NO
5363,4,0.909088,NO
5364,0,0.487805,NO
5365,0,0.000054,NO
5366,2,0.151516,NO
5367,0,0.000006,NO
5368,20,0.000109,NO
5369,1,0.487805,NO
5370,14,0.000109,NO
5371,1,0.000036,NO
5372,1,0.083195,NO
5373,1,0.487805,NO
5374,7,0.000054,NO
5375,5,0.000109,NO
5376,7,0.000008,NO
5377,1,0.000001,NO
5378,15,0.000109,NO
5379,2,0.000109,NO
5380,8,0.000109,NO
5381,15,0.000109,NO
5382,0,0.132451,NO
5383,3,0.000109,NO
5384,1,0.000000,NO
5385,1,0.000001,NO
5386,9,0.000016,NO
5387,1,0.674394,NO
5388,0,0.000109,NO
5389,0,0.000002,NO
5390,13,0.000109,NO
5391,24,0.000109,NO
5392,1,0.000001,NO
5393,0,0.000003,NO
5394,6,0.000109,NO
5395,1,0.000001,NO
5396,1,0.090910,NO
5397,2,0.384616,NO
5398,29,0.000109,NO
5399,16,0.909083,NO
5400,1,0.674394,NO
5401,10,0.909083,NO
5402,14,0.000027,NO
5403,1,0.040984,NO
5404,9,0.000109,NO
5405,26,0.000109,NO
5406,7,0.000007,NO
5407,1,0.000001,NO
5408,4,0.000027,NO
5409,1,0.674394,NO
5410,4,0.000003,NO
5411,1,0.040984,NO
5412,1,0.000003,NO
5413,1,0.000001,NO
5414,1,0.000109,NO
5415,0,0.000009,NO
5416,2,0.000022,NO
5417,1,0.000000,NO
5418,6,0.000109,NO
5419,0,0.000002,NO
5420,32,0.000109,NO
5421,1,0.083195,NO
5422,3,0.000005,NO
5423,3,0.000109,NO
5424,2,0.000011,NO
5425,5,0.000109,NO
5426,10,0.000027,NO
5427,1,0.090910,NO
5428,4,0.000109,NO
5429,5,0.000016,NO
5430,6,0.000005,NO
5431,3,0.000109,NO
5432,0,0.000002,NO
5433,25,0.000109,NO
5434,1,0.040984,NO
5435,0,0.000003,NO
5436,18,0.000109,NO
5437,5,0.000011,NO
5438,1,0.000000,NO
5439,7,0.000016,NO
5440,20,0.000109,NO
5441,59,0.000109,NO
5442,1,0.123839,NO
5443,26,0.000109,NO
5444,1,0.000001,NO
5445,0,0.000001,NO
5446,0,0.000002,NO
5447,4,0.000006,NO
5448,0,0.000001,NO
5449,3,0.000109,NO
5450,1,0.000004,NO
5451,37,0.000109,NO
5452,1,0.674394,NO
5453,4,0.000109,NO
5454,5,0.000027,NO
5455,3,0.000003,NO
5456,1,0.000000,NO
5457,18,0.000109,NO
5458,7,0.000054,NO
5459,4,0.000010,NO
5460,1,0.000001,NO
5461,0,0.000003,NO
5462,1,0.000012,NO
5463,4,0.000027,NO
5464,1,0.040984,NO
5465,4,0.000006,NO
5466,10,0.000014,NO
5467,9,0.000109,NO
5468,5,0.000036,NO
5469,2,0.270272,NO
5470,23,0.999989,NO
5471,8,0.000010,NO
5472,1,0.425532,NO
5473,0,0.000002,NO
5474,44,0.000109,NO
5475,6,0.000109,NO
5476,0,0.000001,NO
5477,0,0.000003,NO
5478,24,0.000109,NO
5479,0,0.000054,NO
5480,27,0.000109,NO
5481,28,0.000109,NO
5482,4,0.877192,NO
5483,9,0.999989,NO
5484,9,0.000109,NO
5485,4,0.000027,NO
5486,14,0.000109,NO
5487,4,0.000109,NO
5488,7,0.000005,NO
5489,7,0.000109,NO
5490,1,0.000109,NO
5491,9,0.000109,NO
5492,5,0.000054,NO
5493,1,0.000000,NO
5494,7,0.000008,NO
5495,0,0.000003,NO
5496,10,0.000109,NO
5497,1,0.000001,NO
5498,6,0.000109,NO
5499,10,0.000109,NO
5500,1,0.123839,NO
5501,5,0.000011,NO
5502,4,0.000022,NO
5503,1,0.000001,NO
5504,0,0.000003,NO
5505,1,0.040984,NO
5506,34,0.999989,NO
5507,3,0.000109,NO
5508,5,0.000054,NO
5509,3,0.000004,NO
5510,1,0.040984,NO
5511,1,0.999995,NO
5512,5,0.000109,NO
5513,1,0.000001,NO
5514,8,0.000054,NO
5515,2,0.151516,NO
5516,30,0.000109,NO
5517,7,0.000036,NO
5518,27,0.999989,NO
5519,1,0.000000,NO
5520,15,0.000109,NO
5521,0,0.000002,NO
5522,1,0.000000,NO
5523,1,0.083195,NO
5524,0,0.000003,NO
5525,13,0.999989,NO
5526,9,0.000109,NO
5527,3,0.000109,NO
5528,1,0.487805,NO
5529,7,0.000007,NO
5530,3,0.000004,NO
5531,1,0.000001,NO
5532,16,0.000109,NO
5533,1,0.123839,NO
5534,1,0.674394,NO
5535,4,0.999989,NO
5536,5,0.000012,NO
5537,5,0.000109,NO
5538,8,0.000011,NO
5539,0,0.000003,NO
5540,0,0.000003,NO
5541,1,0.123839,NO
5542,1,0.000109,NO
5543,1,0.000000,NO
5544,1,0.123839,NO
5545,1,0.000000,NO
5546,34,0.000109,NO
5547,2,0.000009,NO
5548,2,0.000022,NO
5549,6,0.000018,NO
5550,6,0.000109,NO
5551,7,0.000036,NO
5552,0,0.000109,NO
5553,1,0.083195,NO
5554,1,0.000054,NO
5555,1,0.000000,NO
5556,1,0.000000,NO
5557,4,0.000054,NO
5558,9,0.000014,NO
5559,11,0.000109,NO
5560,1,0.000001,NO
5561,1,0.000010,NO
5562,0,0.000005,NO
5563,0,0.000005,NO
5564,1,0.000022,NO
5565,0,0.000007,NO
5566,0,0.000004,NO
5567,14,0.000109,NO
5568,8,0.000109,NO
5569,2,0.000009,NO
5570,0,0.000001,NO
5571,7,0.000054,NO
5572,4,0.000007,NO
5573,8,0.000109,NO
5574,11,0.000109,NO
5575,3,0.000109,NO
5576,0,0.000109,NO
5577,15,0.000109,NO
5578,1,0.000004,NO
5579,0,0.000001,NO
5580,10,0.000109,NO
5581,1,0.000001,NO
5582,1,0.000004,NO
5583,1,0.000000,NO
5584,1,0.083195,NO
5585,5,0.000011,NO
5586,1,0.000001,NO
5587,55,0.000109,NO
5588,0,0.000001,NO
5589,19,0.000109,NO
5590,0,0.000003,NO
5591,11,0.000109,NO
5592,1,0.000012,NO
5593,1,0.000000,NO
5594,10,0.000036,NO
5595,1,0.083195,NO
5596,0,0.000001,NO
5597,1,0.674394,NO
5598,4,0.000006,NO
5599,2,0.714285,NO
5600,1,0.000000,NO
5601,1,0.000027,NO
5602,0,0.000036,NO
5603,5,0.000006,NO
5604,3,0.000003,NO
5605,1,0.123839,NO
5606,0,0.000003,NO
5607,0,0.000002,NO
5608,1,0.674394,NO
5609,1,0.083195,NO
5610,1,0.123839,NO
5611,4,0.000004,NO
5612,4,0.000036,NO
5613,14,0.000109,NO
5614,1,0.674394,NO
5615,0,0.000002,NO
5616,12,0.000109,NO
5617,10,0.000109,NO
5618,1,0.000001,NO
5619,1,0.000001,NO
5620,1,0.000000,NO
5621,1,0.000036,NO
5622,5,0.000109,NO
5623,1,0.000000,NO
5624,8,0.000109,NO
5625,0,0.000001,NO
5626,5,0.000036,NO
5627,1,0.000001,NO
5628,6,0.000007,NO
5629,1,0.083195,NO
5630,11,0.000109,NO
5631,1,0.000000,NO
5632,6,0.000109,NO
5633,8,0.000014,NO
5634,11,0.000109,NO
5635,0,0.000003,NO
5636,1,0.000001,NO
5637,1,0.083195,NO
5638,1,0.636363,NO
5639,8,0.000014,NO
5640,1,0.083195,NO
5641,13,0.000109,NO
5642,1,0.000003,NO
5643,2,0.000011,NO
5644,3,0.000005,NO
5645,1,0.674394,NO
5646,2,0.000011,NO
5647,7,0.000005,NO
5648,1,0.000000,NO
5649,1,0.000005,NO
5650,8,0.000014,NO
5651,9,0.000054,NO
5652,6,0.000006,NO
5653,1,0.000109,NO
5654,2,0.714285,NO
5655,6,0.000027,NO
5656,1,0.674394,NO
5657,8,0.000014,NO
5658,3,0.000010,NO
5659,9,0.000014,NO
5660,1,0.123839,NO
5661,30,0.000109,NO
5662,4,0.000004,NO
5663,0,0.000001,NO
5664,3,0.000109,NO
5665,0,0.000002,NO
5666,1,0.040984,NO
5667,1,0.000001,NO
5668,1,0.000000,NO
5669,0,0.000002,NO
5670,3,0.454546,NO
5671,1,0.000000,NO
5672,16,0.000109,NO
5673,15,0.000109,NO
5674,0,0.000002,NO
5675,1,0.040984,NO
5676,1,0.000000,NO
5677,3,0.000004,NO
5678,0,0.000005,NO
5679,1,0.040984,NO
5680,1,0.000000,NO
5681,21,0.000109,NO
5682,4,0.000014,NO
5683,7,0.000054,NO
5684,0,0.000109,NO
5685,0,0.132451,NO
5686,0,0.000002,NO
5687,1,0.000000,NO
5688,0,0.000022,NO
5689,0,0.000003,NO
5690,12,0.000054,NO
5691,6,0.000054,NO
5692,4,0.000006,NO
5693,0,0.000002,NO
5694,6,0.000109,NO
5695,1,0.000000,NO
5696,1,0.000005,NO
5697,0,0.000002,NO
5698,11,0.000109,NO
5699,2,0.277779,NO
5700,1,0.123839,NO
5701,6,0.000109,NO
5702,0,0.000003,NO
5703,1,0.000054,NO
5704,16,0.000109,NO
5705,1,0.000001,NO
5706,0,0.000003,NO
5707,13,0.000109,NO
5708,1,0.090910,NO
5709,0,0.000001,NO
5710,4,0.000054,NO
5711,0,0.000003,NO
5712,1,0.000003,NO
5713,1,0.000000,NO
5714,0,0.000001,NO
5715,0,0.000003,NO
5716,5,0.000011,NO
5717,7,0.000054,NO
5718,1,0.123839,NO
5719,1,0.000007,NO
5720,1,0.000022,NO
5721,1,0.000001,NO
5722,0,0.132451,NO
5723,0,0.000003,NO
5724,18,0.000109,NO
5725,7,0.000109,NO
5726,0,0.000003,NO
5727,10,0.000022,NO
5728,1,0.090910,NO
5729,1,0.083195,NO
5730,0,0.000002,NO
5731,0,0.000054,NO
5732,1,0.040984,NO
5733,3,0.000005,NO
5734,25,0.000109,NO
5735,1,0.425532,NO
5736,1,0.040984,NO
5737,1,0.083195,NO
5738,1,0.000001,NO
5739,1,0.040984,NO
5740,6,0.000005,NO
5741,4,0.000109,NO
5742,6,0.000006,NO
5743,1,0.000022,NO
5744,1,0.674394,NO
5745,10,0.000109,NO
5746,0,0.000011,NO
5747,4,0.000109,NO
5748,0,0.000002,NO
5749,5,0.000054,NO
5750,1,0.000000,NO
5751,6,0.000018,NO
5752,0,0.000002,NO
5753,4,0.000109,NO
5754,0,0.000001,NO
5755,4,0.000109,NO
5756,30,0.000054,NO
5757,0,0.000109,NO
5758,11,0.999989,NO
5759,0,0.000003,NO
5760,1,0.000000,NO
5761,10,0.000109,NO
5762,0,0.000011,NO
5763,16,0.000109,NO
5764,0,0.000002,NO
5765,1,0.359712,NO
5766,11,0.000109,NO
5767,2,0.000002,NO
5768,0,0.000001,NO
5769,1,0.000001,NO
5770,15,0.000109,NO
5771,5,0.000006,NO
5772,0,0.000002,NO
5773,0,0.000007,NO
5774,10,0.909083,NO
5775,1,0.123839,NO
5776,0,0.132451,NO
5777,6,0.000109,NO
5778,1,0.090910,NO
5779,1,0.090910,NO
5780,2,0.000007,NO
5781,0,0.000003,NO
5782,0,0.000001,NO
5783,1,0.000001,NO
5784,0,0.000005,NO
5785,1,0.000109,NO
5786,24,0.000109,NO
5787,2,0.151516,NO
5788,5,0.000036,NO
5789,7,0.000007,NO
5790,0,0.132451,NO
5791,7,0.000022,NO
5792,10,0.000018,NO
5793,14,0.000109,NO
5794,2,0.000054,NO
5795,2,0.151516,NO
5796,1,0.674394,NO
5797,5,0.000109,NO
5798,6,0.000006,NO
5799,2,0.000002,NO
5800,2,0.000054,NO
5801,7,0.000109,NO
5802,3,0.487805,NO
5803,5,0.000022,NO
5804,3,0.000005,NO
5805,2,0.000008,NO
5806,1,0.000004,NO
5807,13,0.000109,NO
5808,1,0.000022,NO
5809,1,0.674394,NO
5810,53,0.000109,NO
5811,0,0.000002,NO
5812,0,0.000002,NO
5813,6,0.384616,NO
5814,1,0.000000,NO
5815,1,0.000012,NO
5816,1,0.040984,NO
5817,8,0.000109,NO
5818,3,0.000109,NO
5819,5,0.000109,NO
5820,1,0.083195,NO
5821,3,0.000004,NO
5822,18,0.999989,NO
5823,3,0.000109,NO
5824,1,0.999989,NO
5825,12,0.000054,NO
5826,3,0.000109,NO
5827,60,0.000109,NO
5828,2,0.000005,NO
5829,1,0.083195,NO
5830,13,0.000109,NO
5831,16,0.999989,NO
5832,1,0.674394,YES
5833,11,0.000109,YES
5834,21,0.000109,YES
5835,4,0.877192,YES
5836,16,0.000109,YES
5837,11,0.000109,YES
5838,4,0.000016,YES
5839,5,0.000109,YES
5840,25,0.000109,YES
5841,8,0.833327,YES
5842,3,0.966542,YES
5843,2,0.000018,YES
5844,12,0.000109,YES
5845,7,0.909083,YES
5846,9,0.999989,YES
5847,3,0.966542,YES
5848,3,0.966542,YES
5849,23,0.000109,YES
5850,8,0.833327,YES
5851,6,0.000109,YES
5852,1,0.000109,YES
5853,23,0.000109,YES
5854,13,0.000054,YES
5855,9,0.000109,YES
5856,27,0.000109,YES
5857,4,0.000008,YES
5858,1,0.000109,YES
5859,6,0.000109,YES
5860,11,0.000109,YES
5861,1,0.000109,YES
5862,1,0.674394,YES
5863,1,0.674394,YES
5864,15,0.000109,YES
5865,8,0.000109,YES
5866,17,0.000109,YES
5867,6,0.000109,YES
5868,12,0.999989,YES
5869,1,0.000022,YES
5870,9,0.000109,YES
5871,2,0.000008,YES
5872,1,0.674394,YES
5873,47,0.000109,YES
5874,3,0.000005,YES
5875,2,0.000018,YES
5876,1,0.674394,YES
5877,7,0.000109,YES
5878,1,0.674394,YES
5879,1,0.674394,YES
5880,2,0.000109,YES
5881,2,0.000008,YES
5882,20,0.999989,YES
5883,47,0.999989,YES
5884,14,0.000109,YES
5885,100,0.000109,YES
5886,1,0.123839,YES
5887,3,0.982658,YES
5888,22,0.000109,YES
5889,15,0.000109,YES
5890,0,0.000109,YES
5891,10,0.000109,YES
5892,1,0.000109,YES
5893,36,0.000109,YES
5894,25,0.000109,YES
5895,5,0.000022,YES
5896,1,0.636363,YES
5897,1,0.674394,YES
5898,53,0.999989,YES
5899,6,0.000109,YES
5900,14,0.000109,YES
5901,25,0.000109,YES
5902,13,0.000109,YES
5903,25,0.000054,YES
5904,39,0.999989,YES
5905,1,0.000009,NO
5906,1,0.000000,NO
5907,6,0.370371,NO
5908,1,0.051993,NO
5909,8,0.000109,NO
5910,1,0.000001,NO
5911,1,0.000001,NO
5912,1,0.041667,NO
5913,1,0.051993,NO
5914,4,0.000036,NO
5915,1,0.675676,NO
5916,27,0.000109,NO
5917,1,0.041667,NO
5918,13,0.000109,NO
5919,7,0.000006,NO
5920,1,0.000000,NO
5921,1,0.675676,NO
5922,1,0.000001,NO
5923,1,0.000000,NO
5924,1,0.000000,NO
5925,1,0.000003,NO
5926,0,0.000003,NO
5927,3,0.000109,NO
5928,7,0.000006,NO
5929,1,0.000001,NO
5930,1,0.000002,NO
5931,4,0.000016,NO
5932,4,0.000004,NO
5933,5,0.000109,NO
5934,27,0.999989,NO
5935,1,0.000000,NO
5936,7,0.000012,NO
5937,11,0.000109,NO
5938,0,0.000006,NO
5939,3,0.000006,NO
5940,7,0.000109,NO
5941,17,0.000109,NO
5942,0,0.000001,NO
5943,4,0.000004,NO
5944,7,0.000014,NO
5945,10,0.000109,NO
5946,7,0.000006,NO
5947,3,0.416667,NO
5948,9,0.000109,NO
5949,0,0.000006,NO
5950,0,0.000002,NO
5951,1,0.000000,NO
5952,3,0.000109,NO
5953,4,0.000014,NO
5954,1,0.000000,NO
5955,1,0.000022,NO
5956,1,0.086208,NO
5957,1,0.314961,NO
5958,19,0.000109,NO
5959,5,0.000109,NO
5960,1,0.041667,NO
5961,0,0.000009,NO
5962,1,0.000001,NO
5963,1,0.409357,NO
5964,1,0.126984,NO
5965,0,0.000005,NO
5966,14,0.000109,NO
5967,18,0.000109,NO
5968,0,0.000001,NO
5969,10,0.000027,NO
5970,14,0.000109,NO
5971,11,0.000109,NO
5972,1,0.000001,NO
5973,2,0.000004,NO
5974,8,0.000006,NO
5975,1,0.051993,NO
5976,4,0.000004,NO
5977,1,0.041667,NO
5978,0,0.000054,NO
5979,1,0.000000,NO
5980,8,0.999989,NO
5981,9,0.000109,NO
5982,0,0.000007,NO
5983,6,0.000005,NO
5984,1,0.000001,NO
5985,1,0.000000,NO
5986,0,0.000002,NO
5987,1,0.126984,NO
5988,1,0.000001,NO
5989,0,0.000109,NO
5990,1,0.000109,NO
5991,10,0.000109,NO
5992,2,0.000003,NO
5993,9,0.000109,NO
5994,1,0.000000,NO
5995,1,0.051993,NO
5996,22,0.999989,NO
5997,7,0.000008,NO
5998,35,0.000109,NO
5999,0,0.000004,NO
6000,4,0.000018,NO
6001,5,0.000109,NO
6002,15,0.000109,NO
6003,1,0.051993,NO
6004,15,0.000109,NO
6005,10,0.000027,NO
6006,11,0.000109,NO
6007,10,0.000109,NO
6008,1,0.000000,NO
6009,7,0.000016,NO
6010,0,0.134229,NO
6011,19,0.000054,NO
6012,5,0.000109,NO
6013,26,0.000109,NO
6014,8,0.000109,NO
6015,0,0.000054,NO
6016,0,0.000003,NO
6017,8,0.000014,NO
6018,1,0.999995,NO
6019,2,0.270272,NO
6020,1,0.409357,NO
6021,1,0.041667,NO
6022,3,0.000014,NO
6023,3,0.000006,NO
6024,3,0.000011,NO
6025,1,0.000000,NO
6026,29,0.000109,NO
6027,1,0.000000,NO
6028,15,0.000054,NO
6029,8,0.000054,NO
6030,4,0.000007,NO
6031,0,0.000001,NO
6032,1,0.000003,NO
6033,7,0.000109,NO
6034,9,0.000010,NO
6035,0,0.134229,NO
6036,11,0.000109,NO
6037,1,0.000000,NO
6038,1,0.041667,NO
6039,1,0.000000,NO
6040,0,0.000005,NO
6041,3,0.370371,NO
6042,7,0.000016,NO
6043,1,0.000005,NO
6044,0,0.000007,NO
6045,10,0.000109,NO
6046,16,0.000109,NO
6047,50,0.000054,NO
6048,2,0.000004,NO
6049,2,0.000109,NO
6050,0,0.000002,NO
6051,3,0.000109,NO
6052,76,0.000109,NO
6053,1,0.000000,NO
6054,0,0.000001,NO
6055,4,0.000022,NO
6056,3,0.000003,NO
6057,5,0.000054,NO
6058,4,0.000010,NO
6059,1,0.041667,NO
6060,2,0.000109,NO
6061,2,0.000011,NO
6062,1,0.051993,NO
6063,10,0.000016,NO
6064,0,0.000008,NO
6065,0,0.000006,NO
6066,1,0.041667,NO
6067,5,0.000109,NO
6068,0,0.000054,NO
6069,2,0.000109,NO
6070,28,0.000109,NO
6071,3,0.000006,NO
6072,3,0.000004,NO
6073,1,0.000001,NO
6074,1,0.041667,NO
6075,1,0.126984,NO
6076,12,0.000109,NO
6077,9,0.000012,NO
6078,0,0.000002,NO
6079,1,0.675676,NO
6080,16,0.000109,NO
6081,2,0.000002,NO
6082,8,0.000109,NO
6083,1,0.041667,NO
6084,1,0.126984,NO
6085,1,0.041667,NO
6086,0,0.134229,NO
6087,4,0.999989,NO
6088,4,0.999989,NO
6089,2,0.000109,NO
6090,2,0.000008,NO
6091,0,0.000009,NO
6092,0,0.000009,NO
6093,1,0.000001,NO
6094,0,0.000109,NO
6095,3,0.000008,NO
6096,0,0.000003,NO
6097,15,0.000109,NO
6098,25,0.000109,NO
6099,7,0.999989,NO
6100,0,0.000002,NO
6101,1,0.000000,NO
6102,1,0.051993,NO
6103,1,0.675676,NO
6104,1,0.041667,NO
6105,1,0.051993,NO
6106,0,0.000002,NO
6107,1,0.051993,NO
6108,2,0.000109,NO
6109,9,0.000016,NO
6110,0,0.000002,NO
6111,8,0.000109,NO
6112,0,0.000002,NO
6113,15,0.000109,NO
6114,4,0.000027,NO
6115,1,0.000000,NO
6116,1,0.409357,NO
6117,13,0.000109,NO
6118,14,0.000109,NO
6119,8,0.000054,NO
6120,22,0.000109,NO
6121,6,0.999989,NO
6122,50,0.000109,NO
6123,1,0.051993,NO
6124,1,0.051993,NO
6125,1,0.000005,NO
6126,2,0.000008,NO
6127,3,0.000005,NO
6128,1,0.409357,NO
6129,0,0.000002,NO
6130,1,0.041667,NO
6131,0,0.000002,NO
6132,8,0.000109,NO
6133,1,0.000001,NO
6134,11,0.000109,NO
6135,5,0.909083,NO
6136,0,0.000002,NO
6137,7,0.000005,NO
6138,3,0.000004,NO
6139,4,0.000109,NO
6140,2,0.151516,NO
6141,2,0.000009,NO
6142,12,0.000036,NO
6143,1,0.000000,NO
6144,30,0.000054,NO
6145,0,0.134229,NO
6146,1,0.314961,NO
6147,9,0.000109,NO
6148,12,0.000109,NO
6149,1,0.409357,NO
6150,0,0.000003,NO
6151,5,0.000109,NO
6152,28,0.999989,NO
6153,1,0.051993,NO
6154,13,0.000054,NO
6155,25,0.999989,NO
6156,2,0.000109,NO
6157,3,0.512820,NO
6158,3,0.000004,NO
6159,1,0.126984,NO
6160,0,0.000002,NO
6161,7,0.000016,NO
6162,2,0.000007,NO
6163,9,0.000109,NO
6164,1,0.126984,NO
6165,7,0.000009,NO
6166,7,0.000109,NO
6167,1,0.041667,NO
6168,2,0.000002,NO
6169,0,0.000003,NO
6170,3,0.000004,NO
6171,1,0.000000,NO
6172,3,0.971223,NO
6173,1,0.051993,NO
6174,7,0.000109,NO
6175,3,0.000008,NO
6176,2,0.000005,NO
6177,1,0.051993,NO
6178,0,0.000004,NO
6179,1,0.126984,NO
6180,1,0.000000,NO
6181,0,0.624998,NO
6182,11,0.000109,NO
6183,32,0.000109,NO
6184,3,0.000004,NO
6185,1,0.086208,NO
6186,8,0.999989,NO
6187,5,0.000109,NO
6188,28,0.000109,NO
6189,27,0.000109,NO
6190,5,0.000010,NO
6191,0,0.000001,NO
6192,11,0.000109,NO
6193,1,0.086208,NO
6194,1,0.041667,NO
6195,8,0.000109,NO
6196,0,0.000003,NO
6197,1,0.000001,NO
6198,1,0.000000,NO
6199,2,0.833327,NO
6200,0,0.000001,NO
6201,2,0.000109,NO
6202,10,0.000109,NO
6203,8,0.000109,NO
6204,2,0.000003,NO
6205,1,0.000001,NO
6206,2,0.000007,NO
6207,1,0.126984,NO
6208,3,0.000109,NO
6209,13,0.000109,NO
6210,1,0.675676,NO
6211,4,0.000109,NO
6212,8,0.000109,NO
6213,0,0.000002,NO
6214,18,0.000109,NO
6215,34,0.000109,NO
6216,4,0.000109,NO
6217,2,0.000109,NO
6218,2,0.151516,NO
6219,1,0.000004,NO
6220,1,0.000005,NO
6221,1,0.675676,NO
6222,1,0.051993,NO
6223,1,0.409357,NO
6224,2,0.000109,NO
6225,1,0.000003,NO
6226,1,0.051993,NO
6227,2,0.000011,NO
6228,2,0.000009,NO
6229,1,0.675676,NO
6230,0,0.000003,NO
6231,4,0.000109,NO
6232,15,0.000109,NO
6233,5,0.000109,NO
6234,8,0.000109,NO
6235,11,0.000109,NO
6236,1,0.051993,NO
6237,14,0.000109,NO
6238,20,0.000109,NO
6239,16,0.000109,NO
6240,1,0.000016,NO
6241,26,0.999989,NO
6242,2,0.999989,NO
6243,5,0.000109,NO
6244,3,0.000018,NO
6245,6,0.000109,NO
6246,7,0.000006,NO
6247,1,0.439561,NO
6248,3,0.000109,NO
6249,0,0.000022,NO
6250,3,0.000011,NO
6251,5,0.000036,NO
6252,1,0.126984,NO
6253,1,0.000001,NO
6254,2,0.000007,NO
6255,4,0.000054,NO
6256,0,0.000001,NO
6257,53,0.000109,NO
6258,8,0.000109,NO
6259,25,0.909083,NO
6260,9,0.000036,NO
6261,1,0.000005,NO
6262,0,0.000006,NO
6263,2,0.000109,NO
6264,1,0.000000,NO
6265,0,0.000002,NO
6266,3,0.000109,NO
6267,4,0.000007,NO
6268,15,0.000109,NO
6269,2,0.000109,NO
6270,6,0.000109,NO
6271,8,0.000016,NO
6272,1,0.675676,NO
6273,17,0.000109,NO
6274,0,0.000001,NO
6275,4,0.000004,NO
6276,1,0.000054,NO
6277,7,0.909083,NO
6278,1,0.000000,NO
6279,6,0.956521,NO
6280,0,0.000054,NO
6281,1,0.000109,NO
6282,8,0.000109,NO
6283,6,0.000006,NO
6284,1,0.314961,NO
6285,1,0.000001,NO
6286,6,0.000027,NO
6287,8,0.999989,NO
6288,0,0.000005,NO
6289,4,0.000007,NO
6290,5,0.000012,NO
6291,4,0.000109,NO
6292,1,0.041667,NO
6293,12,0.000109,NO
6294,4,0.000007,NO
6295,3,0.000005,NO
6296,3,0.000004,NO
6297,7,0.000054,NO
6298,1,0.314961,NO
6299,1,0.000001,NO
6300,1,0.409357,NO
6301,1,0.000014,NO
6302,1,0.051993,NO
6303,25,0.000109,NO
6304,0,0.000004,NO
6305,1,0.000010,NO
6306,1,0.409357,NO
6307,11,0.000109,NO
6308,1,0.000001,NO
6309,1,0.000001,NO
6310,5,0.000109,NO
6311,1,0.126984,NO
6312,13,0.000109,NO
6313,18,0.000109,NO
6314,1,0.000007,NO
6315,0,0.000006,NO
6316,33,0.000109,NO
6317,2,0.000022,NO
6318,13,0.000109,NO
6319,1,0.051993,NO
6320,1,0.000012,NO
6321,1,0.000018,NO
6322,8,0.000054,NO
6323,1,0.051993,NO
6324,19,0.000109,NO
6325,9,0.000109,NO
6326,7,0.000054,NO
6327,4,0.000109,NO
6328,1,0.000001,NO
6329,1,0.000001,NO
6330,11,0.000109,NO
6331,4,0.000109,NO
6332,1,0.041667,NO
6333,0,0.000004,NO
6334,1,0.000022,NO
6335,1,0.051993,NO
6336,2,0.151516,NO
6337,4,0.000005,NO
6338,7,0.000009,NO
6339,14,0.000109,NO
6340,1,0.000000,NO
6341,1,0.041667,NO
6342,2,0.000109,NO
6343,4,0.000003,NO
6344,1,0.000003,NO
6345,2,0.000109,NO
6346,1,0.675676,NO
6347,24,0.999989,NO
6348,0,0.000001,NO
6349,1,0.000000,NO
6350,6,0.000054,NO
6351,1,0.000018,NO
6352,14,0.000109,NO
6353,34,0.000109,NO
6354,1,0.000036,NO
6355,2,0.000054,NO
6356,1,0.675676,NO
6357,4,0.000109,NO
6358,0,0.000003,NO
6359,1,0.661157,NO
6360,2,0.384616,NO
6361,1,0.051993,NO
6362,3,0.000004,NO
6363,2,0.151516,NO
6364,6,0.000054,NO
6365,3,0.476191,NO
6366,8,0.000109,NO
6367,0,0.000010,NO
6368,7,0.000054,NO
6369,5,0.000109,NO
6370,26,0.999989,NO
6371,4,0.000109,NO
6372,1,0.409357,NO
6373,1,0.000014,NO
6374,11,0.000109,NO
6375,1,0.000000,NO
6376,6,0.000109,NO
6377,1,0.000010,NO
6378,13,0.000109,NO
6379,2,0.909087,NO
6380,4,0.000027,NO
6381,1,0.314961,NO
6382,0,0.000002,NO
6383,2,0.000004,NO
6384,4,0.000054,NO
6385,0,0.000022,NO
6386,1,0.051993,NO
6387,0,0.000002,NO
6388,1,0.322582,NO
6389,1,0.000009,NO
6390,0,0.000001,NO
6391,0,0.000009,NO
6392,0,0.000003,NO
6393,2,0.000005,NO
6394,1,0.000000,NO
6395,5,0.000054,NO
6396,0,0.000001,NO
6397,0,0.000002,NO
6398,0,0.000005,NO
6399,5,0.000109,NO
6400,1,0.675676,NO
6401,1,0.000109,NO
6402,6,0.000027,NO
6403,1,0.000000,NO
6404,17,0.000109,NO
6405,1,0.000054,NO
6406,29,0.000109,NO
6407,4,0.000018,NO
6408,3,0.000054,NO
6409,7,0.000008,NO
6410,1,0.675676,NO
6411,2,0.000011,NO
6412,29,0.000109,NO
6413,1,0.000054,NO
6414,0,0.134229,NO
6415,4,0.000007,NO
6416,1,0.051993,NO
6417,9,0.000109,NO
6418,3,0.000054,NO
6419,6,0.000027,NO
6420,0,0.000054,NO
6421,0,0.000002,NO
6422,1,0.000000,NO
6423,15,0.000109,NO
6424,4,0.000036,NO
6425,1,0.000001,NO
6426,4,0.000007,NO
6427,1,0.041667,NO
6428,6,0.000016,NO
6429,0,0.000002,NO
6430,4,0.000027,NO
6431,9,0.000109,NO
6432,2,0.000054,NO
6433,1,0.000001,NO
6434,5,0.000009,NO
6435,3,0.000004,NO
6436,0,0.000002,NO
6437,0,0.000002,NO
6438,1,0.000000,NO
6439,1,0.000109,NO
6440,4,0.000003,NO
6441,19,0.000109,NO
6442,1,0.000036,NO
6443,3,0.000109,NO
6444,8,0.952376,NO
6445,1,0.000005,NO
6446,0,0.000002,NO
6447,20,0.999989,NO
6448,2,0.000109,NO
6449,1,0.086208,NO
6450,1,0.000002,NO
6451,11,0.000109,NO
6452,4,0.000003,NO
6453,15,0.999989,NO
6454,0,0.000002,NO
6455,1,0.000001,NO
6456,1,0.000000,NO
6457,4,0.000022,NO
6458,0,0.000002,NO
6459,0,0.000009,NO
6460,9,0.000109,NO
6461,1,0.000000,NO
6462,17,0.999989,NO
6463,11,0.000109,NO
6464,1,0.000001,NO
6465,0,0.000003,NO
6466,17,0.999989,NO
6467,2,0.000009,NO
6468,7,0.000109,NO
6469,7,0.000109,NO
6470,2,0.000036,NO
6471,9,0.000109,NO
6472,0,0.000001,NO
6473,0,0.000006,NO
6474,9,0.000016,NO
6475,1,0.041667,NO
6476,0,0.000007,NO
6477,0,0.000010,NO
6478,2,0.000109,NO
6479,1,0.041667,NO
6480,1,0.000011,NO
6481,1,0.051993,NO
6482,1,0.000001,NO
6483,6,0.000014,NO
6484,3,0.000054,NO
6485,3,0.000004,NO
6486,5,0.000012,NO
6487,0,0.000002,NO
6488,5,0.000016,NO
6489,2,0.277779,NO
6490,2,0.000005,NO
6491,6,0.000109,NO
6492,8,0.000109,NO
6493,28,0.000109,NO
6494,0,0.000005,NO
6495,6,0.000006,NO
6496,18,0.999989,NO
6497,1,0.041667,NO
6498,1,0.409357,NO
6499,13,0.000109,NO
6500,1,0.000003,NO
6501,1,0.409357,NO
6502,0,0.000006,NO
6503,9,0.909083,NO
6504,4,0.000109,NO
6505,1,0.051993,NO
6506,25,0.000109,NO
6507,19,0.000109,NO
6508,1,0.000007,NO
6509,0,0.134229,NO
6510,1,0.000000,NO
6511,1,0.000005,NO
6512,3,0.000005,NO
6513,10,0.000109,NO
6514,13,0.000054,NO
6515,2,0.000054,NO
6516,1,0.000001,NO
6517,7,0.000109,NO
6518,7,0.999989,NO
6519,8,0.000109,NO
6520,1,0.000000,NO
6521,4,0.000109,NO
6522,13,0.000109,NO
6523,9,0.999995,NO
6524,7,0.909083,NO
6525,12,0.000109,NO
6526,2,0.000109,NO
6527,10,0.000054,NO
6528,1,0.675676,NO
6529,31,0.000109,NO
6530,1,0.000109,NO
6531,26,0.000109,NO
6532,1,0.041667,NO
6533,3,0.000109,NO
6534,7,0.000027,NO
6535,2,0.000007,NO
6536,3,0.000010,NO
6537,1,0.000004,NO
6538,1,0.000001,NO
6539,0,0.000002,NO
6540,4,0.000109,NO
6541,0,0.000003,NO
6542,17,0.999989,NO
6543,2,0.000009,NO
6544,8,0.999989,NO
6545,14,0.000109,NO
6546,11,0.000109,NO
6547,1,0.675676,NO
6548,2,0.000005,NO
6549,4,0.769226,NO
6550,1,0.000109,NO
6551,3,0.000005,NO
6552,0,0.000002,NO
6553,27,0.000109,NO
6554,3,0.971223,NO
6555,7,0.000027,NO
6556,5,0.000054,NO
6557,1,0.051993,NO
6558,0,0.000001,NO
6559,17,0.000109,NO
6560,9,0.500000,NO
6561,4,0.000054,NO
6562,1,0.000036,NO
6563,6,0.000109,NO
6564,4,0.000109,NO
6565,0,0.000003,NO
6566,5,0.000109,NO
6567,8,0.000109,NO
6568,1,0.000000,NO
6569,9,0.000016,NO
6570,1,0.000000,NO
6571,1,0.675676,NO
6572,41,0.000109,NO
6573,0,0.000002,NO
6574,4,0.000004,NO
6575,11,0.000109,NO
6576,1,0.041667,NO
6577,4,0.000007,NO
6578,1,0.999989,NO
6579,0,0.000001,NO
6580,1,0.000054,NO
6581,6,0.000109,NO
6582,13,0.000054,NO
6583,0,0.000003,NO
6584,5,0.000054,NO
6585,7,0.000109,NO
6586,1,0.675676,NO
6587,7,0.000005,NO
6588,0,0.000002,NO
6589,7,0.000109,NO
6590,2,0.000109,NO
6591,1,0.126984,NO
6592,0,0.000011,NO
6593,13,0.000109,NO
6594,7,0.000109,NO
6595,1,0.126984,NO
6596,1,0.051993,NO
6597,3,0.000004,NO
6598,0,0.000002,NO
6599,13,0.000109,NO
6600,2,0.000109,NO
6601,1,0.314961,NO
6602,6,0.000006,NO
6603,1,0.000109,NO
6604,0,0.000109,NO
6605,1,0.126984,NO
6606,8,0.000014,NO
6607,9,0.000012,NO
6608,1,0.000001,NO
6609,28,0.000054,NO
6610,4,0.000022,NO
6611,4,0.000027,NO
6612,1,0.000000,NO
6613,1,0.000001,NO
6614,1,0.041667,NO
6615,1,0.675676,NO
6616,1,0.000003,NO
6617,0,0.000109,NO
6618,1,0.000054,NO
6619,5,0.000016,NO
6620,10,0.000014,NO
6621,3,0.000005,NO
6622,3,0.000109,NO
6623,9,0.000016,NO
6624,1,0.675676,NO
6625,1,0.675676,NO
6626,1,0.051993,NO
6627,6,0.000005,NO
6628,10,0.000109,NO
6629,8,0.000054,NO
6630,3,0.512820,NO
6631,4,0.588234,NO
6632,3,0.000109,NO
6633,1,0.000001,NO
6634,7,0.000016,NO
6635,4,0.000036,NO
6636,1,0.000027,NO
6637,5,0.000109,NO
6638,1,0.126984,NO
6639,4,0.000036,NO
6640,0,0.769226,NO
6641,0,0.000003,NO
6642,1,0.000000,NO
6643,23,0.000109,NO
6644,15,0.000109,NO
6645,1,0.000000,NO
6646,1,0.675676,NO
6647,6,0.000005,NO
6648,1,0.000001,NO
6649,1,0.000001,NO
6650,12,0.000109,NO
6651,9,0.000012,NO
6652,1,0.000109,NO
6653,0,0.000001,NO
6654,2,0.151516,NO
6655,5,0.000109,NO
6656,1,0.000109,NO
6657,1,0.126984,NO
6658,33,0.000109,NO
6659,16,0.000109,NO
6660,5,0.000054,NO
6661,9,0.999989,NO
6662,43,0.000109,NO
6663,9,0.500000,NO
6664,4,0.000004,NO
6665,26,0.000109,NO
6666,1,0.661157,NO
6667,0,0.134229,NO
6668,1,0.051993,NO
6669,0,0.000003,NO
6670,1,0.675676,NO
6671,1,0.000001,NO
6672,1,0.051993,NO
6673,0,0.000022,NO
6674,50,0.000109,NO
6675,0,0.000001,NO
6676,0,0.000003,NO
6677,1,0.675676,NO
6678,4,0.000007,NO
6679,0,0.000001,NO
6680,1,0.000000,NO
6681,4,0.000109,NO
6682,11,0.000054,NO
6683,0,0.000003,NO
6684,1,0.041667,NO
6685,1,0.000000,NO
6686,0,0.000002,NO
6687,1,0.000010,NO
6688,12,0.000109,NO
6689,0,0.000002,NO
6690,1,0.000000,NO
6691,0,0.000001,NO
6692,17,0.000109,NO
6693,1,0.000109,NO
6694,3,0.476191,NO
6695,3,0.000004,NO
6696,0,0.000003,NO
6697,1,0.051993,NO
6698,4,0.000109,NO
6699,0,0.000003,NO
6700,3,0.000005,NO
6701,1,0.000000,NO
6702,5,0.000018,NO
6703,1,0.000000,NO
6704,2,0.000022,NO
6705,0,0.000002,NO
6706,3,0.000004,NO
6707,2,0.151516,NO
6708,8,0.000109,NO
6709,88,0.000109,NO
6710,18,0.999989,NO
6711,5,0.000009,NO
6712,0,0.000054,NO
6713,11,0.000109,NO
6714,1,0.051993,NO
6715,1,0.051993,NO
6716,4,0.000016,NO
6717,2,0.277779,NO
6718,4,0.000007,NO
6719,23,0.000109,NO
6720,0,0.134229,NO
6721,1,0.000054,NO
6722,17,0.000109,NO
6723,3,0.000014,NO
6724,0,0.000004,NO
6725,5,0.000036,NO
6726,1,0.041667,NO
6727,1,0.041667,NO
6728,1,0.000001,NO
6729,6,0.000027,NO
6730,0,0.134229,NO
6731,4,0.000005,NO
6732,2,0.000007,NO
6733,1,0.000004,NO
6734,1,0.000000,NO
6735,1,0.126984,NO
6736,4,0.000007,NO
6737,1,0.409357,NO
6738,4,0.000004,NO
6739,1,0.051993,NO
6740,8,0.000011,NO
6741,1,0.314961,NO
6742,3,0.512820,NO
6743,0,0.000006,NO
6744,2,0.000007,NO
6745,43,0.000109,NO
6746,3,0.000006,NO
6747,1,0.000000,NO
6748,8,0.000036,NO
6749,1,0.661157,NO
6750,1,0.000000,NO
6751,1,0.000000,NO
6752,2,0.000054,NO
6753,1,0.000022,NO
6754,3,0.000004,NO
6755,12,0.000109,NO
6756,0,0.000005,NO
6757,1,0.675676,NO
6758,1,0.000109,NO
6759,6,0.000054,NO
6760,16,0.000109,NO
6761,11,0.000109,NO
6762,2,0.000022,NO
6763,1,0.041667,NO
6764,1,0.000000,NO
6765,0,0.000003,NO
6766,6,0.000054,NO
6767,22,0.000109,NO
6768,1,0.126984,NO
6769,0,0.000002,NO
6770,6,0.000109,NO
6771,4,0.000008,NO
6772,1,0.000010,NO
6773,1,0.409357,NO
6774,4,0.000007,NO
6775,5,0.000011,NO
6776,1,0.086208,NO
6777,0,0.000002,NO
6778,0,0.000109,NO
6779,3,0.000004,NO
6780,5,0.000011,NO
6781,1,0.000001,NO
6782,2,0.151516,NO
6783,1,0.675676,NO
6784,1,0.051993,NO
6785,7,0.000006,NO
6786,1,0.000000,NO
6787,7,0.000006,NO
6788,11,0.000109,NO
6789,1,0.675676,NO
6790,1,0.000109,NO
6791,0,0.000002,NO
6792,0,0.000002,NO
6793,1,0.041667,NO
6794,1,0.000016,NO
6795,1,0.126984,NO
6796,18,0.999989,NO
6797,23,0.000109,NO
6798,9,0.000109,NO
6799,1,0.675676,NO
6800,36,0.000109,NO
6801,1,0.000001,NO
6802,1,0.000000,NO
6803,1,0.000036,NO
6804,9,0.000109,NO
6805,1,0.000022,NO
6806,0,0.000109,NO
6807,2,0.000109,NO
6808,0,0.000002,NO
6809,3,0.416667,NO
6810,5,0.000054,NO
6811,3,0.416667,NO
6812,10,0.000109,NO
6813,7,0.000109,NO
6814,9,0.000109,NO
6815,18,0.000109,NO
6816,2,0.000109,NO
6817,3,0.000109,NO
6818,1,0.000054,NO
6819,8,0.000109,NO
6820,1,0.041667,NO
6821,0,0.000109,NO
6822,1,0.000000,NO
6823,1,0.000000,NO
6824,1,0.000000,NO
6825,12,0.000109,NO
6826,1,0.000000,NO
6827,1,0.000036,NO
6828,1,0.661157,NO
6829,8,0.000011,NO
6830,1,0.126984,NO
6831,20,0.000109,NO
6832,30,0.000109,NO
6833,7,0.000027,NO
6834,1,0.000001,NO
6835,10,0.000022,NO
6836,1,0.000000,NO
6837,1,0.000000,NO
6838,3,0.000109,NO
6839,6,0.000109,NO
6840,1,0.041667,NO
6841,1,0.677965,NO
6842,1,0.000011,NO
6843,0,0.134229,NO
6844,1,0.000001,NO
6845,1,0.126984,NO
6846,3,0.000004,NO
6847,1,0.000000,NO
6848,4,0.000018,NO
6849,5,0.000109,NO
6850,4,0.000008,NO
6851,4,0.000109,NO
6852,0,0.000005,NO
6853,0,0.000001,NO
6854,4,0.000018,NO
6855,9,0.500000,NO
6856,2,0.000018,NO
6857,1,0.000109,NO
6858,6,0.000016,NO
6859,0,0.000109,NO
6860,4,0.000036,NO
6861,0,0.000003,NO
6862,35,0.000109,NO
6863,0,0.000001,NO
6864,3,0.000004,NO
6865,1,0.000036,NO
6866,1,0.086208,NO
6867,1,0.126984,NO
6868,0,0.000036,NO
6869,9,0.000036,NO
6870,1,0.041667,NO
6871,4,0.000109,NO
6872,0,0.312501,NO
6873,1,0.041667,NO
6874,15,0.000109,NO
6875,4,0.000004,NO
6876,15,0.000109,NO
6877,0,0.000001,NO
6878,1,0.126984,NO
6879,0,0.000002,NO
6880,1,0.051993,NO
6881,1,0.000000,NO
6882,8,0.000109,NO
6883,1,0.675676,NO
6884,20,0.000109,NO
6885,0,0.000036,NO
6886,4,0.000007,NO
6887,3,0.416667,NO
6888,26,0.000109,NO
6889,0,0.000002,NO
6890,0,0.000003,NO
6891,2,0.714284,NO
6892,10,0.000109,NO
6893,1,0.000005,NO
6894,0,0.134229,NO
6895,4,0.000003,NO
6896,7,0.000016,NO
6897,1,0.000001,NO
6898,14,0.000109,NO
6899,6,0.000109,NO
6900,1,0.126984,NO
6901,0,0.000003,NO
6902,6,0.000109,NO
6903,2,0.833327,NO
6904,6,0.000109,NO
6905,0,0.000002,NO
6906,0,0.000005,NO
6907,1,0.000000,NO
6908,2,0.000002,NO
6909,14,0.000109,NO
6910,4,0.000027,NO
6911,1,0.051993,NO
6912,0,0.000022,NO
6913,28,0.000109,NO
6914,3,0.799997,NO
6915,1,0.000109,NO
6916,0,0.000006,NO
6917,5,0.000109,NO
6918,1,0.409357,NO
6919,1,0.041667,NO
6920,53,0.000109,NO
6921,33,0.000109,NO
6922,7,0.000016,NO
6923,1,0.000109,NO
6924,30,0.000109,NO
6925,0,0.000009,NO
6926,2,0.000011,NO
6927,16,0.000054,NO
6928,5,0.966183,NO
6929,4,0.000005,NO
6930,0,0.000002,NO
6931,1,0.661157,NO
6932,2,0.000002,NO
6933,5,0.000014,NO
6934,64,0.000109,NO
6935,0,0.000002,NO
6936,8,0.000109,NO
6937,0,0.000003,NO
6938,13,0.000109,NO
6939,0,0.000109,NO
6940,6,0.000014,NO
6941,10,0.000036,NO
6942,2,0.000003,NO
6943,1,0.000001,NO
6944,1,0.000002,NO
6945,1,0.041667,NO
6946,1,0.051993,NO
6947,8,0.000109,NO
6948,1,0.000000,NO
6949,1,0.000000,NO
6950,1,0.126984,NO
6951,1,0.000001,NO
6952,0,0.000001,NO
6953,2,0.151516,NO
6954,1,0.000016,NO
6955,0,0.000009,NO
6956,3,0.370371,NO
6957,2,0.000109,NO
6958,1,0.041667,NO
6959,1,0.126984,NO
6960,1,0.041667,NO
6961,1,0.126984,NO
6962,7,0.000036,NO
6963,1,0.000000,NO
6964,8,0.000109,NO
6965,1,0.000000,NO
6966,0,0.000005,NO
6967,0,0.000001,NO
6968,0,0.000001,NO
6969,16,0.000109,NO
6970,1,0.000003,NO
6971,3,0.000004,NO
6972,1,0.000000,NO
6973,1,0.675676,NO
6974,11,0.000109,NO
6975,2,0.270272,NO
6976,1,0.000001,NO
6977,4,0.000036,NO
6978,1,0.000010,NO
6979,0,0.000003,NO
6980,1,0.000001,NO
6981,5,0.000109,NO
6982,3,0.000036,NO
6983,0,0.000009,NO
6984,1,0.675676,NO
6985,0,0.000002,NO
6986,2,0.000002,NO
6987,7,0.000006,NO
6988,8,0.000109,NO
6989,0,0.312501,NO
6990,1,0.314961,NO
6991,5,0.000018,NO
6992,5,0.000054,NO
6993,1,0.051993,NO
6994,1,0.051993,NO
6995,1,0.000054,NO
6996,8,0.000109,NO
6997,1,0.675676,NO
6998,0,0.000002,NO
6999,10,0.000109,NO
7000,0,0.000003,NO
7001,0,0.000003,NO
7002,1,0.041667,NO
7003,3,0.000006,NO
7004,11,0.000109,NO
7005,0,0.000109,NO
7006,1,0.409357,NO
7007,1,0.000000,NO
7008,7,0.000109,NO
7009,15,0.000109,NO
7010,1,0.000000,NO
7011,5,0.769226,NO
7012,11,0.000027,NO
7013,1,0.000001,NO
7014,1,0.000000,NO
7015,1,0.000054,NO
7016,0,0.000002,NO
7017,10,0.000109,NO
7018,1,0.000054,NO
7019,0,0.000001,NO
7020,3,0.000004,NO
7021,0,0.000036,NO
7022,0,0.000002,NO
7023,14,0.999989,NO
7024,0,0.000001,NO
7025,1,0.051993,NO
7026,10,0.000022,NO
7027,4,0.999989,NO
7028,2,0.000007,NO
7029,11,0.000109,NO
7030,4,0.000006,NO
7031,1,0.000109,NO
7032,7,0.000109,NO
7033,0,0.000109,NO
7034,5,0.000014,NO
7035,4,0.000109,NO
7036,1,0.000000,NO
7037,5,0.000007,NO
7038,1,0.000001,NO
7039,2,0.000109,NO
7040,27,0.000109,NO
7041,0,0.000054,NO
7042,1,0.126984,NO
7043,4,0.000109,NO
7044,16,0.000109,NO
7045,2,0.000005,NO
7046,3,0.000054,NO
7047,2,0.277779,NO
7048,11,0.000109,NO
7049,6,0.370371,NO
7050,1,0.000054,NO
7051,0,0.000001,NO
7052,1,0.000000,NO
7053,8,0.000109,NO
7054,1,0.041667,NO
7055,1,0.409357,NO
7056,27,0.000109,NO
7057,1,0.675676,NO
7058,41,0.000109,NO
7059,7,0.000005,NO
7060,1,0.000001,NO
7061,1,0.126984,NO
7062,1,0.314961,NO
7063,3,0.000014,NO
7064,0,0.000002,NO
7065,1,0.041667,NO
7066,7,0.000109,NO
7067,0,0.000002,NO
7068,1,0.000001,NO
7069,1,0.000109,NO
7070,4,0.000109,NO
7071,39,0.000109,NO
7072,0,0.000003,NO
7073,5,0.000109,NO
7074,1,0.041667,NO
7075,11,0.000109,NO
7076,0,0.000005,NO
7077,13,0.000109,NO
7078,2,0.000036,NO
7079,1,0.051993,NO
7080,5,0.000016,NO
7081,3,0.000004,NO
7082,6,0.000109,NO
7083,4,0.000008,NO
7084,5,0.000109,NO
7085,2,0.000022,NO
7086,1,0.086208,NO
7087,1,0.051993,NO
7088,1,0.322582,NO
7089,0,0.000006,NO
7090,27,0.000109,NO
7091,0,0.000003,NO
7092,1,0.314961,NO
7093,1,0.126984,NO
7094,1,0.041667,NO
7095,1,0.000000,NO
7096,10,0.000109,NO
7097,13,0.000109,NO
7098,9,0.000109,NO
7099,15,0.000054,NO
7100,1,0.000109,NO
7101,4,0.000014,NO
7102,1,0.000001,NO
7103,3,0.370371,NO
7104,2,0.000109,NO
7105,2,0.000003,NO
7106,0,0.000002,NO
7107,0,0.000006,NO
7108,3,0.000014,NO
7109,7,0.000016,NO
7110,4,0.000016,NO
7111,1,0.041667,NO
7112,32,0.000109,NO
7113,2,0.000036,NO
7114,4,0.000011,NO
7115,25,0.999989,NO
7116,9,0.000109,NO
7117,2,0.909087,NO
7118,0,0.134229,NO
7119,1,0.051993,NO
7120,6,0.000005,NO
7121,1,0.000002,NO
7122,1,0.000109,NO
7123,1,0.086208,NO
7124,1,0.000001,NO
7125,0,0.000002,NO
7126,0,0.000001,NO
7127,1,0.000000,NO
7128,16,0.000109,NO
7129,1,0.041667,NO
7130,0,0.000001,NO
7131,5,0.000005,NO
7132,5,0.000054,NO
7133,15,0.000109,NO
7134,5,0.000027,NO
7135,4,0.000007,NO
7136,4,0.000109,NO
7137,0,0.000001,NO
7138,1,0.000001,NO
7139,1,0.000001,NO
7140,6,0.000109,NO
7141,1,0.041667,NO
7142,13,0.000109,NO
7143,1,0.000004,NO
7144,1,0.000001,NO
7145,1,0.000003,NO
7146,4,0.000014,NO
7147,18,0.000109,NO
7148,0,0.000002,NO
7149,1,0.000001,NO
7150,4,0.000004,NO
7151,10,0.000109,NO
7152,6,0.000054,NO
7153,1,0.000000,NO
7154,1,0.041667,NO
7155,1,0.000000,NO
7156,5,0.000109,NO
7157,3,0.000011,NO
7158,0,0.000022,NO
7159,1,0.000003,NO
7160,3,0.000005,NO
7161,1,0.409357,NO
7162,2,0.000109,NO
7163,2,0.000003,NO
7164,0,0.000002,NO
7165,1,0.086208,NO
7166,0,0.000109,NO
7167,1,0.675676,NO
7168,47,0.000109,NO
7169,8,0.000109,NO
7170,2,0.000036,NO
7171,6,0.956521,NO
7172,12,0.000109,NO
7173,8,0.000016,NO
7174,0,0.000002,NO
7175,0,0.000002,NO
7176,1,0.000001,NO
7177,13,0.000109,NO
7178,1,0.000001,NO
7179,10,0.000109,NO
7180,1,0.000003,NO
7181,1,0.000016,NO
7182,11,0.999989,NO
7183,1,0.675676,NO
7184,1,0.041667,NO
7185,5,0.000016,NO
7186,0,0.000001,NO
7187,1,0.675676,NO
7188,1,0.000000,NO
7189,1,0.126984,NO
7190,1,0.000000,NO
7191,46,0.000109,NO
7192,8,0.000109,NO
7193,0,0.000054,NO
7194,9,0.000109,NO
7195,1,0.000001,NO
7196,9,0.000109,NO
7197,14,0.000109,NO
7198,13,0.000109,NO
7199,1,0.000000,NO
7200,1,0.000001,NO
7201,0,0.000002,NO
7202,27,0.000109,NO
7203,1,0.000000,NO
7204,1,0.041667,NO
7205,1,0.000000,NO
7206,6,0.999989,NO
7207,1,0.409357,NO
7208,2,0.000011,NO
7209,7,0.000109,NO
7210,2,0.701754,NO
7211,24,0.000109,NO
7212,6,0.000054,NO
7213,1,0.000005,NO
7214,7,0.000005,NO
7215,1,0.000000,NO
7216,0,0.769226,NO
7217,2,0.454546,NO
7218,13,0.000109,NO
7219,33,0.000109,NO
7220,1,0.051993,NO
7221,4,0.000004,NO
7222,35,0.000109,NO
7223,8,0.000005,NO
7224,3,0.000054,NO
7225,1,0.000000,NO
7226,0,0.000005,NO
7227,0,0.000006,NO
7228,17,0.000109,NO
7229,11,0.000109,NO
7230,3,0.000005,NO
7231,0,0.000001,NO
7232,5,0.000005,NO
7233,2,0.000009,NO
7234,5,0.000012,NO
7235,7,0.000109,NO
7236,1,0.126984,NO
7237,1,0.000000,NO
7238,0,0.000000,NO
7239,1,0.126984,NO
7240,1,0.000000,NO
7241,11,0.000054,NO
7242,2,0.000009,NO
7243,1,0.000002,NO
7244,0,0.000002,NO
7245,4,0.000022,NO
7246,4,0.000006,NO
7247,1,0.000001,NO
7248,4,0.000004,NO
7249,1,0.041667,NO
7250,3,0.000005,NO
7251,1,0.051993,NO
7252,3,0.000008,NO
7253,29,0.999989,NO
7254,6,0.999989,NO
7255,1,0.000000,NO
7256,15,0.999989,NO
7257,1,0.051993,NO
7258,7,0.000109,NO
7259,1,0.000001,NO
7260,0,0.000002,NO
7261,0,0.000109,NO
7262,1,0.000000,NO
7263,9,0.000109,NO
7264,1,0.126984,NO
7265,1,0.000109,NO
7266,3,0.000018,NO
7267,1,0.051993,NO
7268,1,0.041667,NO
7269,3,0.000008,NO
7270,0,0.000001,NO
7271,0,0.000002,NO
7272,5,0.769226,NO
7273,14,0.999989,NO
7274,2,0.000010,NO
7275,1,0.126984,NO
7276,8,0.000006,NO
7277,5,0.000054,NO
7278,0,0.134229,NO
7279,7,0.999989,NO
7280,10,0.999989,NO
7281,49,0.000109,NO
7282,1,0.051993,NO
7283,9,0.000109,NO
7284,5,0.000036,NO
7285,17,0.000109,NO
7286,4,0.909083,NO
7287,15,0.000109,NO
7288,0,0.000005,NO
7289,1,0.000000,NO
7290,1,0.041667,NO
7291,35,0.000109,NO
7292,3,0.000004,NO
7293,3,0.000109,NO
7294,1,0.000010,NO
7295,1,0.000001,NO
7296,0,0.000109,NO
7297,14,0.000109,NO
7298,10,0.000016,NO
7299,3,0.000005,NO
7300,2,0.000009,NO
7301,4,0.000054,NO
7302,3,0.000109,NO
7303,3,0.000008,NO
7304,8,0.000109,NO
7305,64,0.000054,NO
7306,3,0.000011,NO
7307,2,0.000010,NO
7308,23,0.999989,YES
7309,9,0.500000,YES
7310,2,0.714284,YES
7311,7,0.000054,YES
7312,6,0.909083,YES
7313,4,0.999989,YES
7314,0,0.000109,YES
7315,1,0.314961,YES
7316,19,0.000109,YES
7317,22,0.000109,YES
7318,16,0.000109,YES
7319,34,0.000109,YES
7320,3,0.971223,YES
7321,11,0.000109,YES
7322,7,0.000036,YES
7323,27,0.000109,YES
7324,1,0.675676,YES
7325,8,0.000054,YES
7326,1,0.675676,YES
7327,29,0.999989,YES
7328,32,0.999989,YES
7329,1,0.000109,YES
7330,28,0.999989,YES
7331,4,0.000109,YES
7332,6,0.956521,YES
7333,1,0.000109,YES
7334,4,0.862068,YES
7335,13,0.000109,YES
7336,15,0.000109,YES
7337,26,0.000109,YES
7338,6,0.000109,YES
7339,3,0.980391,YES
7340,44,0.999989,YES
7341,13,0.000109,YES
7342,6,0.956521,YES
7343,1,0.409357,YES
7344,21,0.999989,YES
7345,23,0.999989,YES
7346,19,0.000109,YES
7347,10,0.999989,YES
7348,7,0.000109,YES
7349,1,0.051993,YES
7350,3,0.000004,YES
7351,136,0.999989,YES
7352,12,0.000109,YES
7353,1,0.126984,YES
7354,3,0.000054,YES
7355,3,0.980391,YES
7356,1,0.675676,YES
7357,36,0.000109,YES
7358,15,0.000109,YES
7359,1,0.675676,YES
7360,31,0.000109,YES
7361,20,0.000109,YES
7362,2,0.000036,YES
7363,3,0.971223,YES
7364,4,0.000109,YES
7365,1,0.675676,YES
7366,1,0.675676,YES
7367,21,0.000109,YES
7368,17,0.000109,YES
7369,57,0.000109,YES
7370,7,0.000054,YES
7371,37,0.999989,YES
7372,11,0.999989,YES
7373,57,0.000109,YES
7374,14,0.000109,YES
7375,3,0.980391,YES
7376,1,0.051993,YES
7377,1,0.675676,YES
7378,24,0.000109,YES
7379,19,0.000109,YES
7380,8,0.000036,YES
7381,1,0.086655,NO
7382,0,0.000002,NO
7383,0,0.000003,NO
7384,4,0.000109,NO
7385,0,0.000001,NO
7386,1,0.040651,NO
7387,33,0.000109,NO
7388,84,0.000109,NO
7389,7,0.000027,NO
7390,3,0.988371,NO
7391,4,0.000027,NO
7392,3,0.000022,NO
7393,17,0.000054,NO
7394,1,0.000000,NO
7395,6,0.000054,NO
7396,1,0.000003,NO
7397,1,0.000109,NO
7398,35,0.000109,NO
7399,1,0.086655,NO
7400,1,0.000001,NO
7401,1,0.000000,NO
7402,3,0.000005,NO
7403,3,0.000005,NO
7404,1,0.152439,NO
7405,3,0.250001,NO
7406,24,0.000109,NO
7407,2,0.000109,NO
7408,10,0.000109,NO
7409,4,0.000004,NO
7410,4,0.000003,NO
7411,1,0.000000,NO
7412,1,0.000001,NO
7413,9,0.000109,NO
7414,1,0.000000,NO
7415,0,0.000002,NO
7416,1,0.000001,NO
7417,0,0.000002,NO
7418,7,0.000012,NO
7419,0,0.000002,NO
7420,6,0.000006,NO
7421,1,0.459770,NO
7422,4,0.892856,NO
7423,20,0.000109,NO
7424,8,0.000006,NO
7425,5,0.000005,NO
7426,7,0.000007,NO
7427,14,0.000109,NO
7428,6,0.000006,NO
7429,0,0.000002,NO
7430,10,0.000036,NO
7431,5,0.000054,NO
7432,1,0.427808,NO
7433,1,0.683760,NO
7434,2,0.526315,NO
7435,4,0.000027,NO
7436,3,0.000109,NO
7437,1,0.086655,NO
7438,7,0.000016,NO
7439,1,0.000001,NO
7440,0,0.000002,NO
7441,6,0.000006,NO
7442,5,0.000109,NO
7443,1,0.086655,NO
7444,0,0.000006,NO
7445,1,0.086655,NO
7446,4,0.000004,NO
7447,0,0.000008,NO
7448,0,0.000002,NO
7449,5,0.000109,NO
7450,18,0.000109,NO
7451,7,0.000109,NO
7452,9,0.000109,NO
7453,3,0.000109,NO
7454,0,0.000003,NO
7455,3,0.000005,NO
7456,10,0.000109,NO
7457,0,0.000001,NO
7458,13,0.000109,NO
7459,0,0.000001,NO
7460,14,0.000109,NO
7461,1,0.000005,NO
7462,0,0.000002,NO
7463,3,0.000109,NO
7464,1,0.000000,NO
7465,1,0.152439,NO
7466,0,0.000002,NO
7467,5,0.000036,NO
7468,3,0.000005,NO
7469,0,0.000002,NO
7470,0,0.000003,NO
7471,2,0.000003,NO
7472,11,0.000109,NO
7473,4,0.000109,NO
7474,1,0.086655,NO
7475,0,0.000008,NO
7476,2,0.285716,NO
7477,35,0.000109,NO
7478,8,0.000054,NO
7479,1,0.000027,NO
7480,0,0.000002,NO
7481,9,0.000109,NO
7482,7,0.000005,NO
7483,7,0.000005,NO
7484,1,0.000000,NO
7485,2,0.000004,NO
7486,0,0.000002,NO
7487,1,0.000000,NO
7488,1,0.000109,NO
7489,1,0.040651,NO
7490,8,0.000054,NO
7491,39,0.999989,NO
7492,16,0.000109,NO
7493,1,0.000003,NO
7494,1,0.000000,NO
7495,24,0.000109,NO
7496,22,0.000109,NO
7497,1,0.086655,NO
7498,1,0.087720,NO
7499,9,0.000109,NO
7500,1,0.000001,NO
7501,7,0.000006,NO
7502,22,0.000109,NO
7503,7,0.000006,NO
7504,13,0.000109,NO
7505,43,0.999989,NO
7506,1,0.086655,NO
7507,4,0.000003,NO
7508,1,0.000001,NO
7509,4,0.000010,NO
7510,1,0.000002,NO
7511,1,0.000011,NO
7512,4,0.000004,NO
7513,1,0.152439,NO
7514,1,0.040651,NO
7515,8,0.000006,NO
7516,4,0.000109,NO
7517,8,0.000054,NO
7518,3,0.250001,NO
7519,9,0.000109,NO
7520,0,0.000003,NO
7521,1,0.000027,NO
7522,1,0.000000,NO
7523,2,0.000054,NO
7524,2,0.000109,NO
7525,0,0.000002,NO
7526,0,0.000001,NO
7527,2,0.000004,NO
7528,1,0.086655,NO
7529,10,0.000109,NO
7530,0,0.000001,NO
7531,0,0.136055,NO
7532,1,0.086655,NO
7533,1,0.000109,NO
7534,15,0.000109,NO
7535,21,0.000109,NO
7536,0,0.000002,NO
7537,1,0.000008,NO
7538,6,0.000006,NO
7539,1,0.314961,NO
7540,10,0.000054,NO
7541,0,0.000003,NO
7542,4,0.000109,NO
7543,1,0.459770,NO
7544,1,0.670732,NO
7545,5,0.000109,NO
7546,0,0.000001,NO
7547,1,0.683760,NO
7548,11,0.000109,NO
7549,1,0.040651,NO
7550,15,0.000109,NO
7551,17,0.999989,NO
7552,1,0.040651,NO
7553,6,0.000109,NO
7554,1,0.000109,NO
7555,97,0.000109,NO
7556,1,0.086655,NO
7557,1,0.000000,NO
7558,4,0.000004,NO
7559,1,0.000001,NO
7560,11,0.000109,NO
7561,4,0.000054,NO
7562,0,0.000054,NO
7563,1,0.000018,NO
7564,46,0.000109,NO
7565,24,0.999989,NO
7566,3,0.000007,NO
7567,3,0.000004,NO
7568,32,0.000109,NO
7569,4,0.000109,NO
7570,0,0.000007,NO
7571,5,0.000109,NO
7572,5,0.000016,NO
7573,1,0.152439,NO
7574,1,0.000109,NO
7575,26,0.000109,NO
7576,5,0.769226,NO
7577,1,0.086655,NO
7578,6,0.000006,NO
7579,1,0.087720,NO
7580,17,0.000109,NO
7581,5,0.000054,NO
7582,5,0.000011,NO
7583,1,0.683760,NO
7584,1,0.683760,NO
7585,0,0.000003,NO
7586,14,0.000109,NO
7587,28,0.000109,NO
7588,7,0.000109,NO
7589,2,0.285716,NO
7590,1,0.040651,NO
7591,1,0.152439,NO
7592,25,0.999989,NO
7593,6,0.000006,NO
7594,3,0.000010,NO
7595,9,0.000018,NO
7596,47,0.000109,NO
7597,0,0.000003,NO
7598,5,0.000054,NO
7599,1,0.000036,NO
7600,0,0.000004,NO
7601,1,0.000000,NO
7602,9,0.000036,NO
7603,9,0.999989,NO
7604,24,0.000054,NO
7605,1,0.086655,NO
7606,0,0.000002,NO
7607,4,0.000109,NO
7608,10,0.000109,NO
7609,9,0.000109,NO
7610,9,0.000109,NO
7611,0,0.000002,NO
7612,4,0.000109,NO
7613,1,0.000022,NO
7614,0,0.000002,NO
7615,17,0.000109,NO
7616,1,0.000000,NO
7617,1,0.086655,NO
7618,3,0.454546,NO
7619,1,0.000011,NO
7620,1,0.087720,NO
7621,0,0.136055,NO
7622,1,0.000006,NO
7623,1,0.000000,NO
7624,8,0.000036,NO
7625,10,0.000109,NO
7626,1,0.040651,NO
7627,1,0.040651,NO
7628,20,0.000109,NO
7629,12,0.000109,NO
7630,0,0.000036,NO
7631,2,0.000009,NO
7632,1,0.000001,NO
7633,1,0.670732,NO
7634,4,0.000109,NO
7635,0,0.000006,NO
7636,3,0.250001,NO
7637,2,0.638297,NO
7638,1,0.086655,NO
7639,12,0.000054,NO
7640,15,0.000109,NO
7641,10,0.000014,NO
7642,1,0.000022,NO
7643,2,0.000018,NO
7644,4,0.000109,NO
7645,4,0.000027,NO
7646,0,0.000001,NO
7647,11,0.000109,NO
7648,0,0.000002,NO
7649,0,0.000109,NO
7650,10,0.999989,NO
7651,1,0.087720,NO
7652,1,0.086655,NO
7653,3,0.000003,NO
7654,8,0.000054,NO
7655,0,0.000005,NO
7656,24,0.000109,NO
7657,1,0.086655,NO
7658,5,0.000054,NO
7659,1,0.086655,NO
7660,1,0.000027,NO
7661,0,0.000003,NO
7662,0,0.000001,NO
7663,2,0.000010,NO
7664,17,0.000109,NO
7665,1,0.670732,NO
7666,1,0.000001,NO
7667,0,0.000003,NO
7668,31,0.000109,NO
7669,1,0.152439,NO
7670,7,0.000109,NO
7671,1,0.040651,NO
7672,9,0.000109,NO
7673,1,0.427808,NO
7674,10,0.000109,NO
7675,7,0.000007,NO
7676,1,0.670732,NO
7677,1,0.086655,NO
7678,1,0.000002,NO
7679,26,0.000109,NO
7680,1,0.670732,NO
7681,29,0.999989,NO
7682,31,0.000109,NO
7683,7,0.000006,NO
7684,30,0.000109,NO
7685,1,0.152439,NO
7686,64,0.000109,NO
7687,1,0.152439,NO
7688,3,0.000004,NO
7689,15,0.000109,NO
7690,6,0.000109,NO
7691,2,0.000004,NO
7692,2,0.000054,NO
7693,2,0.500000,NO
7694,17,0.000109,NO
7695,7,0.000006,NO
7696,4,0.000012,NO
7697,1,0.000000,NO
7698,6,0.000109,NO
7699,1,0.000000,NO
7700,7,0.000010,NO
7701,0,0.000003,NO
7702,37,0.000109,NO
7703,12,0.000022,NO
7704,7,0.000027,NO
7705,1,0.000003,NO
7706,1,0.000001,NO
7707,3,0.000109,NO
7708,1,0.000000,NO
7709,12,0.000109,NO
7710,1,0.000000,NO
7711,1,0.040651,NO
7712,3,0.000109,NO
7713,9,0.000012,NO
7714,3,0.000054,NO
7715,7,0.000054,NO
7716,11,0.000109,NO
7717,1,0.086655,NO
7718,0,0.000002,NO
7719,1,0.000001,NO
7720,4,0.000011,NO
7721,6,0.000109,NO
7722,3,0.000109,NO
7723,0,0.000008,NO
7724,7,0.000027,NO
7725,6,0.000109,NO
7726,3,0.000018,NO
7727,10,0.000018,NO
7728,9,0.000036,NO
7729,0,0.000002,NO
7730,3,0.000109,NO
7731,3,0.000027,NO
7732,1,0.000000,NO
7733,47,0.000109,NO
7734,4,0.000007,NO
7735,1,0.314961,NO
7736,4,0.000003,NO
7737,9,0.999989,NO
7738,0,0.000002,NO
7739,1,0.000001,NO
7740,0,0.000002,NO
7741,15,0.999989,NO
7742,0,0.000007,NO
7743,1,0.000000,NO
7744,0,0.136055,NO
7745,4,0.000109,NO
7746,1,0.040651,NO
7747,1,0.427808,NO
7748,6,0.000109,NO
7749,0,0.000003,NO
7750,8,0.000109,NO
7751,1,0.427808,NO
7752,7,0.000109,NO
7753,1,0.086655,NO
7754,0,0.000001,NO
7755,33,0.000109,NO
7756,1,0.000008,NO
7757,1,0.314961,NO
7758,3,0.000109,NO
7759,28,0.999989,NO
7760,7,0.833327,NO
7761,1,0.000001,NO
7762,36,0.000109,NO
7763,11,0.000109,NO
7764,1,0.000001,NO
7765,6,0.000006,NO
7766,1,0.086655,NO
7767,1,0.314961,NO
7768,30,0.000109,NO
7769,1,0.000000,NO
7770,1,0.000109,NO
7771,0,0.000005,NO
7772,1,0.000022,NO
7773,8,0.000014,NO
7774,1,0.000000,NO
7775,9,0.000109,NO
7776,1,0.000036,NO
7777,0,0.136055,NO
7778,0,0.000010,NO
7779,18,0.000109,NO
7780,0,0.000002,NO
7781,3,0.999989,NO
7782,0,0.000002,NO
7783,8,0.000006,NO
7784,1,0.000000,NO
7785,41,0.000109,NO
7786,1,0.086655,NO
7787,0,0.000008,NO
7788,7,0.000109,NO
7789,1,0.683760,NO
7790,5,0.000109,NO
7791,1,0.670732,NO
7792,5,0.000016,NO
7793,20,0.999989,NO
7794,1,0.086655,NO
7795,5,0.000054,NO
7796,3,0.000004,NO
7797,0,0.000001,NO
7798,1,0.086655,NO
7799,1,0.086655,NO
7800,1,0.152439,NO
7801,2,0.000010,NO
7802,21,0.000109,NO
7803,1,0.683760,NO
7804,1,0.000000,NO
7805,1,0.000000,NO
7806,0,0.000002,NO
7807,1,0.670732,NO
7808,3,0.000054,NO
7809,4,0.000011,NO
7810,0,0.000002,NO
7811,1,0.670732,NO
7812,2,0.000109,NO
7813,0,0.000003,NO
7814,0,0.000008,NO
7815,24,0.000109,NO
7816,0,0.000005,NO
7817,0,0.000002,NO
7818,3,0.000109,NO
7819,5,0.000109,NO
7820,1,0.000001,NO
7821,1,0.000000,NO
7822,0,0.000002,NO
7823,10,0.000027,NO
7824,19,0.000109,NO
7825,14,0.000109,NO
7826,34,0.000109,NO
7827,3,0.512820,NO
7828,22,0.000109,NO
7829,7,0.000006,NO
7830,2,0.000109,NO
7831,1,0.000011,NO
7832,10,0.000109,NO
7833,1,0.314961,NO
7834,0,0.000002,NO
7835,10,0.999989,NO
7836,5,0.000027,NO
7837,0,0.000109,NO
7838,9,0.000109,NO
7839,0,0.136055,NO
7840,1,0.086655,NO
7841,0,0.000003,NO
7842,1,0.314961,NO
7843,3,0.000006,NO
7844,13,0.000109,NO
7845,35,0.000109,NO
7846,4,0.000022,NO
7847,1,0.000001,NO
7848,12,0.000014,NO
7849,12,0.000109,NO
7850,1,0.683760,NO
7851,1,0.086655,NO
7852,1,0.086655,NO
7853,1,0.000001,NO
7854,8,0.000109,NO
7855,0,0.000003,NO
7856,1,0.459770,NO
7857,34,0.000109,NO
7858,14,0.000109,NO
7859,1,0.040651,NO
7860,1,0.000000,NO
7861,7,0.000007,NO
7862,2,0.999989,NO
7863,0,0.000002,NO
7864,0,0.000005,NO
7865,1,0.000000,NO
7866,8,0.000109,NO
7867,4,0.000007,NO
7868,2,0.000054,NO
7869,24,0.000109,NO
7870,1,0.000000,NO
7871,1,0.670732,NO
7872,5,0.000109,NO
7873,0,0.000007,NO
7874,1,0.040651,NO
7875,1,0.670732,NO
7876,0,0.000008,NO
7877,1,0.086655,NO
7878,0,0.000109,NO
7879,1,0.000001,NO
7880,1,0.040651,NO
7881,3,0.000109,NO
7882,0,0.000002,NO
7883,0,0.000036,NO
7884,2,0.277779,NO
7885,10,0.000027,NO
7886,9,0.645160,NO
7887,11,0.000109,NO
7888,1,0.000001,NO
7889,2,0.000022,NO
7890,42,0.999989,NO
7891,1,0.000001,NO
7892,1,0.000000,NO
7893,1,0.040651,NO
7894,1,0.040651,NO
7895,2,0.000003,NO
7896,1,0.000000,NO
7897,7,0.000109,NO
7898,1,0.152439,NO
7899,4,0.000003,NO
7900,1,0.000001,NO
7901,3,0.000109,NO
7902,2,0.000109,NO
7903,1,0.427808,NO
7904,23,0.000109,NO
7905,6,0.000054,NO
7906,5,0.000109,NO
7907,4,0.000004,NO
7908,4,0.000109,NO
7909,2,0.000004,NO
7910,1,0.427808,NO
7911,19,0.000109,NO
7912,14,0.999989,NO
7913,3,0.000109,NO
7914,2,0.000010,NO
7915,5,0.000054,NO
7916,2,0.144929,NO
7917,8,0.000014,NO
7918,4,0.000006,NO
7919,0,0.000002,NO
7920,5,0.000010,NO
7921,2,0.277779,NO
7922,1,0.000000,NO
7923,1,0.000001,NO
7924,6,0.000006,NO
7925,0,0.000109,NO
7926,1,0.152439,NO
7927,1,0.086655,NO
7928,5,0.000016,NO
7929,1,0.000000,NO
7930,0,0.000002,NO
7931,1,0.152439,NO
7932,12,0.999989,NO
7933,1,0.000109,NO
7934,11,0.000109,NO
7935,25,0.000109,NO
7936,1,0.000001,NO
7937,6,0.000006,NO
7938,0,0.000002,NO
7939,1,0.000004,NO
7940,0,0.000003,NO
7941,1,0.000000,NO
7942,0,0.000008,NO
7943,2,0.000003,NO
7944,1,0.000000,NO
7945,5,0.000005,NO
7946,7,0.000006,NO
7947,33,0.000109,NO
7948,1,0.000001,NO
7949,1,0.357144,NO
7950,15,0.000054,NO
7951,5,0.000054,NO
7952,1,0.087720,NO
7953,3,0.000109,NO
7954,1,0.000001,NO
7955,1,0.000000,NO
7956,1,0.000002,NO
7957,19,0.000109,NO
7958,1,0.314961,NO
7959,1,0.152439,NO
7960,22,0.999989,NO
7961,0,0.000002,NO
7962,1,0.000000,NO
7963,2,0.810809,NO
7964,11,0.000109,NO
7965,27,0.999989,NO
7966,1,0.000000,NO
7967,1,0.086655,NO
7968,2,0.000003,NO
7969,1,0.152439,NO
7970,1,0.000027,NO
7971,1,0.000001,NO
7972,8,0.000109,NO
7973,1,0.000027,NO
7974,3,0.000010,NO
7975,6,0.000006,NO
7976,1,0.040651,NO
7977,26,0.000109,NO
7978,3,0.250001,NO
7979,32,0.000109,NO
7980,32,0.000109,NO
7981,1,0.000001,NO
7982,1,0.000006,NO
7983,1,0.086655,NO
7984,1,0.000109,NO
7985,1,0.314961,NO
7986,1,0.000001,NO
7987,9,0.000054,NO
7988,1,0.000054,NO
7989,1,0.670732,NO
7990,19,0.000109,NO
7991,1,0.000000,NO
7992,0,0.000002,NO
7993,35,0.000109,NO
7994,9,0.000016,NO
7995,1,0.040651,NO
7996,2,0.400001,NO
7997,1,0.152439,NO
7998,11,0.000109,NO
7999,9,0.000036,NO
8000,9,0.000109,NO
8001,14,0.000109,NO
8002,6,0.000006,NO
8003,8,0.000014,NO
8004,7,0.000005,NO
8005,1,0.000000,NO
8006,1,0.683760,NO
8007,0,0.136055,NO
8008,2,0.144929,NO
8009,2,0.000005,NO
8010,3,0.000004,NO
8011,1,0.087720,NO
8012,1,0.000000,NO
8013,7,0.000006,NO
8014,17,0.000109,NO
8015,4,0.000036,NO
8016,7,0.000054,NO
8017,16,0.999989,NO
8018,3,0.000109,NO
8019,1,0.000001,NO
8020,1,0.000054,NO
8021,0,0.000002,NO
8022,2,0.000054,NO
8023,4,0.000027,NO
8024,1,0.000001,NO
8025,0,0.000002,NO
8026,5,0.000109,NO
8027,40,0.000109,NO
8028,19,0.000109,NO
8029,1,0.357144,NO
8030,1,0.152439,NO
8031,6,0.000054,NO
8032,12,0.000109,NO
8033,2,0.000002,NO
8034,0,0.000008,NO
8035,0,0.000002,NO
8036,13,0.000109,NO
8037,12,0.000109,NO
8038,30,0.999989,NO
8039,16,0.000109,NO
8040,1,0.040651,NO
8041,2,0.000012,NO
8042,1,0.000008,NO
8043,4,0.000004,NO
8044,15,0.000109,NO
8045,7,0.000109,NO
8046,1,0.000000,NO
8047,1,0.152439,NO
8048,1,0.040651,NO
8049,15,0.999989,NO
8050,1,0.000000,NO
8051,36,0.000109,NO
8052,1,0.087720,NO
8053,1,0.086655,NO
8054,12,0.000109,NO
8055,4,0.000027,NO
8056,4,0.000007,NO
8057,0,0.000002,NO
8058,16,0.000054,NO
8059,2,0.000109,NO
8060,1,0.000000,NO
8061,0,0.000003,NO
8062,1,0.000109,NO
8063,9,0.000036,NO
8064,1,0.040651,NO
8065,0,0.000005,NO
8066,0,0.000008,NO
8067,7,0.000054,NO
8068,0,0.000002,NO
8069,4,0.999989,NO
8070,1,0.670732,NO
8071,1,0.040651,NO
8072,3,0.000109,NO
8073,2,0.000109,NO
8074,3,0.000006,NO
8075,0,0.000002,NO
8076,10,0.000016,NO
8077,15,0.000109,NO
8078,58,0.000109,NO
8079,1,0.152439,NO
8080,1,0.000000,NO
8081,2,0.000002,NO
8082,1,0.000000,NO
8083,2,0.000002,NO
8084,11,0.000109,NO
8085,1,0.086655,NO
8086,3,0.000004,NO
8087,1,0.000027,NO
8088,9,0.000016,NO
8089,1,0.000008,NO
8090,9,0.000109,NO
8091,1,0.000005,NO
8092,9,0.000109,NO
8093,0,0.000002,NO
8094,39,0.000109,NO
8095,1,0.000036,NO
8096,16,0.000109,NO
8097,7,0.000010,NO
8098,1,0.086655,NO
8099,5,0.000010,NO
8100,3,0.000007,NO
8101,2,0.500000,NO
8102,0,0.000005,NO
8103,1,0.000000,NO
8104,15,0.000109,NO
8105,12,0.000054,NO
8106,0,0.000003,NO
8107,1,0.086655,NO
8108,10,0.000027,NO
8109,20,0.000054,NO
8110,0,0.000001,NO
8111,12,0.000054,NO
8112,5,0.000005,NO
8113,15,0.000109,NO
8114,2,0.000008,NO
8115,1,0.086655,NO
8116,0,0.136055,NO
8117,9,0.000109,NO
8118,6,0.000109,NO
8119,0,0.000003,NO
8120,0,0.000001,NO
8121,0,0.000005,NO
8122,1,0.000000,NO
8123,1,0.086655,NO
8124,1,0.040651,NO
8125,25,0.000054,NO
8126,1,0.357144,NO
8127,2,0.285716,NO
8128,3,0.000006,NO
8129,0,0.000008,NO
8130,6,0.000109,NO
8131,1,0.000014,NO
8132,1,0.086655,NO
8133,3,0.512820,NO
8134,0,0.303032,NO
8135,7,0.000012,NO
8136,0,0.000002,NO
8137,1,0.670732,NO
8138,3,0.512820,NO
8139,6,0.000006,NO
8140,8,0.000006,NO
8141,0,0.000007,NO
8142,7,0.000109,NO
8143,1,0.000001,NO
8144,6,0.000036,NO
8145,31,0.000109,NO
8146,0,0.000002,NO
8147,11,0.999989,NO
8148,0,0.000109,NO
8149,3,0.000004,NO
8150,15,0.000109,NO
8151,10,0.000022,NO
8152,17,0.000109,NO
8153,0,0.136055,NO
8154,18,0.999989,NO
8155,1,0.087720,NO
8156,0,0.000003,NO
8157,4,0.000003,NO
8158,3,0.000005,NO
8159,1,0.040651,NO
8160,7,0.000006,NO
8161,1,0.000000,NO
8162,0,0.000109,NO
8163,1,0.000000,NO
8164,33,0.000109,NO
8165,1,0.000109,NO
8166,1,0.086655,NO
8167,1,0.000000,NO
8168,7,0.000008,NO
8169,1,0.000001,NO
8170,6,0.000005,NO
8171,4,0.000036,NO
8172,1,0.000001,NO
8173,2,0.000009,NO
8174,1,0.000003,NO
8175,6,0.909083,NO
8176,0,0.000004,NO
8177,1,0.000001,NO
8178,5,0.000109,NO
8179,0,0.000012,NO
8180,5,0.000054,NO
8181,10,0.000022,NO
8182,1,0.040651,NO
8183,34,0.999989,NO
8184,4,0.000109,NO
8185,2,0.810809,NO
8186,14,0.000109,NO
8187,1,0.000000,NO
8188,2,0.769229,NO
8189,0,0.000002,NO
8190,0,0.000003,NO
8191,17,0.000109,NO
8192,7,0.000054,NO
8193,4,0.000054,NO
8194,8,0.000054,NO
8195,92,0.000109,NO
8196,0,0.000001,NO
8197,1,0.000004,NO
8198,0,0.000008,NO
8199,1,0.086655,NO
8200,6,0.000109,NO
8201,0,0.000002,NO
8202,26,0.000109,NO
8203,1,0.000001,NO
8204,9,0.000054,NO
8205,3,0.000007,NO
8206,12,0.999989,NO
8207,0,0.000003,NO
8208,1,0.000008,NO
8209,1,0.086655,NO
8210,9,0.000109,NO
8211,0,0.000002,NO
8212,1,0.000000,NO
8213,1,0.000001,NO
8214,1,0.000001,NO
8215,37,0.999989,NO
8216,5,0.909083,NO
8217,2,0.000036,NO
8218,2,0.000011,NO
8219,1,0.000000,NO
8220,3,0.000109,NO
8221,29,0.000109,NO
8222,1,0.152439,NO
8223,1,0.000000,NO
8224,0,0.136055,NO
8225,5,0.000011,NO
8226,1,0.000009,NO
8227,1,0.000001,NO
8228,10,0.000016,NO
8229,1,0.000002,NO
8230,0,0.000002,NO
8231,7,0.000036,NO
8232,1,0.000022,NO
8233,0,0.000002,NO
8234,1,0.000001,NO
8235,1,0.152439,NO
8236,1,0.000000,NO
8237,2,0.000011,NO
8238,2,0.000054,NO
8239,2,0.000009,NO
8240,31,0.999989,NO
8241,1,0.000000,NO
8242,1,0.000036,NO
8243,1,0.000000,NO
8244,5,0.000016,NO
8245,1,0.086655,NO
8246,0,0.000008,NO
8247,19,0.000109,NO
8248,4,0.000109,NO
8249,2,0.000054,NO
8250,2,0.000010,NO
8251,4,0.000109,NO
8252,0,0.000005,NO
8253,8,0.000109,NO
8254,1,0.000000,NO
8255,16,0.000109,NO
8256,6,0.000109,NO
8257,0,0.000002,NO
8258,0,0.000002,NO
8259,7,0.909083,NO
8260,1,0.000001,NO
8261,1,0.000000,NO
8262,1,0.427808,NO
8263,0,0.136055,NO
8264,0,0.000002,NO
8265,1,0.086655,NO
8266,0,0.000002,NO
8267,1,0.152439,NO
8268,2,0.000008,NO
8269,1,0.000014,NO
8270,1,0.086655,NO
8271,0,0.000002,NO
8272,2,0.000002,NO
8273,12,0.000109,NO
8274,4,0.000005,NO
8275,4,0.000006,NO
8276,5,0.999989,NO
8277,9,0.645160,NO
8278,0,0.000002,NO
8279,0,0.000003,NO
8280,12,0.000109,NO
8281,0,0.000109,NO
8282,0,0.000002,NO
8283,1,0.000018,NO
8284,1,0.040651,NO
8285,6,0.000005,NO
8286,3,0.000007,NO
8287,13,0.000109,NO
8288,1,0.086655,NO
8289,0,0.000001,NO
8290,1,0.000005,NO
8291,29,0.000109,NO
8292,1,0.000001,NO
8293,1,0.000000,NO
8294,0,0.000002,NO
8295,0,0.000010,NO
8296,4,0.000027,NO
8297,69,0.000109,NO
8298,2,0.500000,NO
8299,4,0.000005,NO
8300,10,0.000036,NO
8301,4,0.000036,NO
8302,0,0.000002,NO
8303,1,0.000054,NO
8304,4,0.000036,NO
8305,1,0.000109,NO
8306,11,0.714282,NO
8307,9,0.000109,NO
8308,5,0.960451,NO
8309,6,0.357144,NO
8310,3,0.000109,NO
8311,0,0.000001,NO
8312,0,0.000002,NO
8313,1,0.000000,NO
8314,0,0.136055,NO
8315,0,0.000022,NO
8316,14,0.000109,NO
8317,0,0.000109,NO
8318,1,0.000000,NO
8319,36,0.000109,NO
8320,1,0.000009,NO
8321,1,0.086655,NO
8322,6,0.000054,NO
8323,1,0.000003,NO
8324,1,0.000000,NO
8325,8,0.000109,NO
8326,1,0.040651,NO
8327,1,0.152439,NO
8328,3,0.000109,NO
8329,1,0.000002,NO
8330,1,0.000000,NO
8331,10,0.000109,NO
8332,1,0.086655,NO
8333,1,0.087720,NO
8334,1,0.000000,NO
8335,0,0.000022,NO
8336,1,0.040651,NO
8337,3,0.000109,NO
8338,3,0.000004,NO
8339,1,0.000014,NO
8340,9,0.000109,NO
8341,2,0.000003,NO
8342,1,0.040651,NO
8343,6,0.000006,NO
8344,3,0.000005,NO
8345,7,0.000109,NO
8346,18,0.000109,NO
8347,11,0.000109,NO
8348,6,0.000027,NO
8349,10,0.000109,NO
8350,10,0.000109,NO
8351,38,0.000109,NO
8352,7,0.000005,NO
8353,2,0.000003,NO
8354,4,0.000004,NO
8355,16,0.000109,NO
8356,1,0.152439,NO
8357,3,0.000036,NO
8358,2,0.144929,NO
8359,5,0.000109,NO
8360,1,0.000001,NO
8361,3,0.000109,NO
8362,1,0.086655,NO
8363,4,0.892856,NO
8364,11,0.000109,NO
8365,8,0.000014,NO
8366,1,0.427808,NO
8367,18,0.000109,NO
8368,1,0.000036,NO
8369,0,0.000008,NO
8370,2,0.000012,NO
8371,1,0.000000,NO
8372,16,0.000109,NO
8373,2,0.000054,NO
8374,14,0.000109,NO
8375,1,0.152439,NO
8376,15,0.999989,NO
8377,1,0.152439,NO
8378,4,0.000109,NO
8379,1,0.670732,NO
8380,0,0.000003,NO
8381,0,0.000005,NO
8382,7,0.000109,NO
8383,4,0.000109,NO
8384,0,0.000002,NO
8385,6,0.000109,NO
8386,5,0.000109,NO
8387,1,0.314961,NO
8388,1,0.000000,NO
8389,4,0.000109,NO
8390,1,0.000022,NO
8391,27,0.999989,NO
8392,3,0.000005,NO
8393,1,0.086655,NO
8394,2,0.000022,NO
8395,2,0.000007,NO
8396,1,0.086655,NO
8397,0,0.000109,NO
8398,1,0.000000,NO
8399,4,0.000027,NO
8400,39,0.000109,NO
8401,3,0.000005,NO
8402,3,0.250001,NO
8403,2,0.400001,NO
8404,0,0.000012,NO
8405,1,0.000004,NO
8406,13,0.000109,NO
8407,12,0.000018,NO
8408,5,0.000018,NO
8409,0,0.000002,NO
8410,0,0.000012,NO
8411,1,0.086655,NO
8412,1,0.000002,NO
8413,2,0.277779,NO
8414,1,0.086655,NO
8415,0,0.000002,NO
8416,2,0.869562,NO
8417,1,0.000001,NO
8418,1,0.000000,NO
8419,8,0.000010,NO
8420,10,0.000022,NO
8421,41,0.000109,NO
8422,0,0.000006,NO
8423,1,0.000027,NO
8424,0,0.000003,NO
8425,1,0.000002,NO
8426,11,0.000109,NO
8427,0,0.000002,NO
8428,1,0.000109,NO
8429,1,0.000003,NO
8430,1,0.000000,NO
8431,1,0.000001,NO
8432,23,0.000109,NO
8433,8,0.000036,NO
8434,1,0.427808,NO
8435,1,0.000000,NO
8436,1,0.000001,NO
8437,4,0.000109,NO
8438,1,0.086655,NO
8439,0,0.000001,NO
8440,1,0.040651,NO
8441,1,0.000000,NO
8442,1,0.086655,NO
8443,12,0.000054,NO
8444,19,0.000109,NO
8445,0,0.136055,NO
8446,4,0.000005,NO
8447,14,0.999989,NO
8448,16,0.000109,NO
8449,1,0.000008,NO
8450,9,0.000109,NO
8451,13,0.000109,NO
8452,1,0.040651,NO
8453,1,0.000000,NO
8454,6,0.000006,NO
8455,1,0.000000,NO
8456,7,0.000010,NO
8457,1,0.670732,NO
8458,1,0.086655,NO
8459,0,0.000002,NO
8460,16,0.000109,NO
8461,1,0.152439,NO
8462,0,0.000002,NO
8463,4,0.000027,NO
8464,13,0.000109,NO
8465,0,0.000002,NO
8466,1,0.000000,NO
8467,1,0.670732,NO
8468,2,0.000003,NO
8469,28,0.000109,NO
8470,0,0.000003,NO
8471,1,0.086655,NO
8472,0,0.999989,NO
8473,1,0.427808,NO
8474,6,0.000054,NO
8475,14,0.000109,NO
8476,13,0.000036,NO
8477,1,0.314961,NO
8478,2,0.000001,NO
8479,2,0.144929,NO
8480,5,0.000005,NO
8481,2,0.144929,NO
8482,1,0.000109,NO
8483,1,0.000001,NO
8484,4,0.000022,NO
8485,4,0.000012,NO
8486,0,0.000109,NO
8487,1,0.000006,NO
8488,2,0.000109,NO
8489,10,0.000036,NO
8490,3,0.000005,NO
8491,1,0.040651,NO
8492,0,0.000003,NO
8493,1,0.670732,NO
8494,10,0.000109,NO
8495,1,0.000001,NO
8496,0,0.000002,NO
8497,18,0.999989,NO
8498,1,0.000005,NO
8499,1,0.000027,NO
8500,0,0.000001,NO
8501,1,0.086655,NO
8502,9,0.000027,NO
8503,7,0.000022,NO
8504,3,0.000006,NO
8505,1,0.670732,NO
8506,2,0.000011,NO
8507,30,0.000109,NO
8508,0,0.000001,NO
8509,1,0.000018,NO
8510,1,0.086655,NO
8511,1,0.000002,NO
8512,0,0.000004,NO
8513,1,0.000001,NO
8514,1,0.000002,NO
8515,0,0.000002,NO
8516,1,0.000008,NO
8517,3,0.000006,NO
8518,1,0.000109,NO
8519,1,0.000001,NO
8520,1,0.086655,NO
8521,5,0.000007,NO
8522,3,0.000022,NO
8523,16,0.000109,NO
8524,1,0.670732,NO
8525,4,0.000109,NO
8526,3,0.250001,NO
8527,25,0.999989,NO
8528,1,0.670732,NO
8529,1,0.087720,NO
8530,0,0.000002,NO
8531,1,0.086655,NO
8532,3,0.000004,NO
8533,1,0.000000,NO
8534,1,0.000001,NO
8535,1,0.000000,NO
8536,6,0.000109,NO
8537,1,0.086655,NO
8538,0,0.000002,NO
8539,2,0.000003,NO
8540,1,0.000001,NO
8541,9,0.000016,NO
8542,1,0.086655,NO
8543,0,0.000027,NO
8544,1,0.040651,NO
8545,1,0.000000,NO
8546,1,0.000000,NO
8547,0,0.000001,NO
8548,7,0.000006,NO
8549,8,0.000109,NO
8550,30,0.999989,NO
8551,1,0.427808,NO
8552,0,0.000002,NO
8553,31,0.000109,NO
8554,19,0.000109,NO
8555,15,0.000109,NO
8556,12,0.000109,NO
8557,0,0.136055,NO
8558,1,0.000016,NO
8559,3,0.000027,NO
8560,8,0.000006,NO
8561,1,0.000001,NO
8562,1,0.000027,NO
8563,12,0.000109,NO
8564,0,0.000001,NO
8565,1,0.000004,NO
8566,9,0.000016,NO
8567,13,0.000109,NO
8568,28,0.000109,NO
8569,0,0.000001,NO
8570,1,0.000054,NO
8571,9,0.000011,NO
8572,0,0.000003,NO
8573,0,0.000027,NO
8574,16,0.000109,NO
8575,0,0.000012,NO
8576,0,0.000010,NO
8577,0,0.000109,NO
8578,3,0.000004,NO
8579,13,0.000109,NO
8580,3,0.000005,NO
8581,1,0.000109,NO
8582,0,0.000003,NO
8583,1,0.000000,NO
8584,2,0.000007,NO
8585,0,0.000004,NO
8586,1,0.086655,NO
8587,8,0.000054,NO
8588,1,0.000001,NO
8589,8,0.000006,NO
8590,1,0.040651,NO
8591,10,0.000109,NO
8592,13,0.000054,NO
8593,1,0.000003,NO
8594,1,0.152439,NO
8595,0,0.000001,NO
8596,0,0.000001,NO
8597,5,0.000027,NO
8598,1,0.000000,NO
8599,0,0.136055,NO
8600,1,0.000000,NO
8601,8,0.000054,NO
8602,0,0.000002,NO
8603,8,0.000109,NO
8604,16,0.000109,NO
8605,1,0.000000,NO
8606,1,0.086655,NO
8607,9,0.000109,NO
8608,4,0.000003,NO
8609,7,0.000109,NO
8610,11,0.000054,NO
8611,1,0.670732,NO
8612,7,0.000012,NO
8613,12,0.000109,NO
8614,1,0.152439,NO
8615,5,0.000109,NO
8616,5,0.000027,NO
8617,1,0.000001,NO
8618,6,0.000006,NO
8619,8,0.000036,NO
8620,0,0.000001,NO
8621,59,0.000109,NO
8622,2,0.000109,NO
8623,0,0.000001,NO
8624,9,0.999989,NO
8625,9,0.000011,NO
8626,10,0.909083,NO
8627,0,0.000027,NO
8628,7,0.000027,NO
8629,5,0.000018,NO
8630,6,0.000006,NO
8631,4,0.000109,NO
8632,6,0.000006,NO
8633,7,0.000109,NO
8634,4,0.555555,NO
8635,1,0.040651,NO
8636,0,0.000003,NO
8637,25,0.000109,NO
8638,6,0.000109,NO
8639,2,0.000002,NO
8640,5,0.000109,NO
8641,6,0.000054,NO
8642,3,0.000054,NO
8643,0,0.000001,NO
8644,6,0.000012,NO
8645,0,0.000002,NO
8646,1,0.683760,NO
8647,2,0.000002,NO
8648,0,0.000002,NO
8649,0,0.000002,NO
8650,1,0.086655,NO
8651,3,0.000054,NO
8652,1,0.459770,NO
8653,7,0.000109,NO
8654,2,0.000003,NO
8655,11,0.000109,NO
8656,0,0.000002,NO
8657,1,0.000018,NO
8658,27,0.000109,NO
8659,1,0.000001,NO
8660,3,0.714282,NO
8661,13,0.000109,NO
8662,8,0.000109,NO
8663,15,0.999989,NO
8664,4,0.000014,NO
8665,3,0.000005,NO
8666,7,0.000006,NO
8667,5,0.769226,NO
8668,4,0.000027,NO
8669,12,0.000109,NO
8670,0,0.000007,NO
8671,4,0.000006,NO
8672,1,0.670732,NO
8673,3,0.000109,NO
8674,1,0.152439,NO
8675,1,0.086655,NO
8676,0,0.000002,NO
8677,6,0.000005,NO
8678,0,0.000005,NO
8679,1,0.000000,NO
8680,1,0.000003,NO
8681,1,0.000004,NO
8682,1,0.087720,NO
8683,1,0.000027,NO
8684,1,0.357144,NO
8685,1,0.000014,NO
8686,1,0.459770,NO
8687,1,0.000109,NO
8688,9,0.000109,NO
8689,5,0.000109,NO
8690,0,0.000005,NO
8691,11,0.000109,NO
8692,1,0.086655,NO
8693,3,0.000005,NO
8694,7,0.000109,NO
8695,5,0.000109,NO
8696,1,0.000000,NO
8697,0,0.000109,NO
8698,0,0.000005,NO
8699,0,0.000006,NO
8700,25,0.000109,NO
8701,4,0.000109,NO
8702,7,0.000036,NO
8703,1,0.040651,NO
8704,1,0.000016,NO
8705,1,0.040651,NO
8706,0,0.000109,NO
8707,1,0.000109,NO
8708,0,0.000004,NO
8709,13,0.000109,NO
8710,14,0.000109,NO
8711,11,0.000109,NO
8712,6,0.000006,NO
8713,1,0.000000,NO
8714,5,0.000036,NO
8715,1,0.000011,NO
8716,0,0.136055,NO
8717,1,0.000000,NO
8718,1,0.427808,NO
8719,1,0.000109,NO
8720,10,0.000027,NO
8721,1,0.000027,NO
8722,1,0.357144,NO
8723,2,0.000054,NO
8724,39,0.000109,NO
8725,1,0.000109,NO
8726,13,0.000109,NO
8727,4,0.000005,NO
8728,4,0.000109,NO
8729,0,0.000002,NO
8730,1,0.000000,NO
8731,1,0.040651,NO
8732,1,0.000010,NO
8733,1,0.152439,NO
8734,0,0.000005,NO
8735,1,0.000000,NO
8736,4,0.000007,NO
8737,5,0.000109,NO
8738,1,0.000018,NO
8739,0,0.000001,NO
8740,18,0.000109,NO
8741,3,0.000003,NO
8742,0,0.000001,NO
8743,1,0.000001,NO
8744,0,0.714282,NO
8745,4,0.000012,NO
8746,1,0.000002,NO
8747,7,0.000109,NO
8748,0,0.000002,NO
8749,4,0.526315,NO
8750,3,0.000109,NO
8751,12,0.000109,NO
8752,8,0.000109,NO
8753,7,0.000109,NO
8754,0,0.000008,NO
8755,10,0.000109,NO
8756,1,0.000001,NO
8757,1,0.152439,NO
8758,0,0.000006,NO
8759,7,0.000109,NO
8760,1,0.000006,NO
8761,4,0.000005,NO
8762,1,0.040651,NO
8763,1,0.086655,NO
8764,27,0.999989,NO
8765,1,0.040651,NO
8766,35,0.000109,NO
8767,0,0.000001,NO
8768,0,0.000002,NO
8769,29,0.000109,NO
8770,18,0.000022,NO
8771,0,0.000002,NO
8772,2,0.285716,NO
8773,17,0.000109,NO
8774,0,0.000003,NO
8775,8,0.000109,NO
8776,5,0.000036,NO
8777,4,0.000005,NO
8778,9,0.000054,NO
8779,3,0.000109,NO
8780,0,0.000003,NO
8781,5,0.000022,NO
8782,1,0.000001,NO
8783,1,0.000001,NO
8784,15,0.000109,YES
8785,1,0.000109,YES
8786,2,0.638297,YES
8787,1,0.314961,YES
8788,41,0.000109,YES
8789,1,0.670732,YES
8790,10,0.000054,YES
8791,18,0.000109,YES
8792,4,0.833330,YES
8793,8,0.000109,YES
8794,13,0.000109,YES
8795,8,0.000054,YES
8796,18,0.000109,YES
8797,17,0.000109,YES
8798,26,0.000109,YES
8799,10,0.000109,YES
8800,10,0.000109,YES
8801,8,0.000109,YES
8802,15,0.999989,YES
8803,17,0.000109,YES
8804,9,0.999989,YES
8805,1,0.670732,YES
8806,1,0.670732,YES
8807,17,0.000109,YES
8808,8,0.000109,YES
8809,6,0.940170,YES
8810,16,0.000109,YES
8811,16,0.999989,YES
8812,6,0.000109,YES
8813,10,0.000109,YES
8814,14,0.000109,YES
8815,17,0.000109,YES
8816,3,0.964285,YES
8817,60,0.000109,YES
8818,4,0.000027,YES
8819,23,0.000109,YES
8820,25,0.000109,YES
8821,5,0.000109,YES
8822,4,0.526315,YES
8823,16,0.000109,YES
8824,9,0.000054,YES
8825,8,0.000109,YES
8826,32,0.000109,YES
8827,12,0.999989,YES
8828,2,0.000027,YES
8829,29,0.999989,YES
8830,24,0.000109,YES
8831,1,0.000109,YES
8832,6,0.940170,YES
8833,35,0.000109,YES
8834,1,0.670732,YES
8835,24,0.000109,YES
8836,2,0.000010,YES
8837,20,0.909083,YES
8838,3,0.988371,YES
8839,1,0.670732,YES
8840,10,0.000109,YES
8841,29,0.000109,YES
8842,9,0.000109,YES
8843,3,0.000036,YES
8844,12,0.000109,YES
8845,5,0.960451,YES
8846,5,0.960451,YES
8847,2,0.769226,YES
8848,30,0.999989,YES
8849,3,0.714282,YES
8850,1,0.670732,YES
8851,5,0.960451,YES
8852,3,0.964285,YES
8853,4,0.892856,YES
8854,17,0.000109,YES
8855,31,0.000109,YES
8856,6,0.000054,YES
8857,0,0.000006,NO
8858,1,0.359712,NO
8859,5,0.000012,NO
8860,11,0.000054,NO
8861,1,0.000000,NO
8862,1,0.324676,NO
8863,15,0.000054,NO
8864,1,0.070299,NO
8865,10,0.000109,NO
8866,13,0.000054,NO
8867,4,0.000036,NO
8868,1,0.128205,NO
8869,10,0.000109,NO
8870,1,0.000001,NO
8871,4,0.000054,NO
8872,5,0.000109,NO
8873,1,0.070299,NO
8874,13,0.000109,NO
8875,4,0.000007,NO
8876,1,0.088496,NO
8877,6,0.000109,NO
8878,1,0.000000,NO
8879,1,0.670926,NO
8880,1,0.000003,NO
8881,1,0.000000,NO
8882,1,0.000000,NO
8883,1,0.088496,NO
8884,1,0.020965,NO
8885,5,0.000109,NO
8886,1,0.000002,NO
8887,3,0.000109,NO
8888,2,0.000003,NO
8889,2,0.000109,NO
8890,1,0.000000,NO
8891,9,0.000109,NO
8892,6,0.000109,NO
8893,7,0.000054,NO
8894,3,0.370371,NO
8895,0,0.000001,NO
8896,0,0.000002,NO
8897,1,0.394737,NO
8898,21,0.909083,NO
8899,50,0.000109,NO
8900,0,0.072993,NO
8901,4,0.000018,NO
8902,1,0.000000,NO
8903,21,0.000109,NO
8904,3,0.000109,NO
8905,14,0.000109,NO
8906,9,0.000012,NO
8907,1,0.670926,NO
8908,0,0.000003,NO
8909,7,0.000005,NO
8910,0,0.000002,NO
8911,0,0.000001,NO
8912,1,0.000004,NO
8913,8,0.000054,NO
8914,1,0.000004,NO
8915,3,0.000109,NO
8916,1,0.000000,NO
8917,1,0.324676,NO
8918,2,0.000109,NO
8919,1,0.000000,NO
8920,2,0.000005,NO
8921,17,0.000109,NO
8922,0,0.000109,NO
8923,1,0.070299,NO
8924,1,0.128205,NO
8925,0,0.000002,NO
8926,0,0.000002,NO
8927,1,0.000000,NO
8928,1,0.020965,NO
8929,26,0.000109,NO
8930,20,0.000109,NO
8931,0,0.000001,NO
8932,1,0.000000,NO
8933,1,0.670926,NO
8934,1,0.000000,NO
8935,1,0.000000,NO
8936,3,0.000109,NO
8937,1,0.020965,NO
8938,4,0.000003,NO
8939,1,0.000000,NO
8940,2,0.000027,NO
8941,5,0.965909,NO
8942,1,0.070299,NO
8943,1,0.670926,NO
8944,1,0.000000,NO
8945,14,0.000109,NO
8946,0,0.000109,NO
8947,0,0.000001,NO
8948,7,0.000109,NO
8949,0,0.000002,NO
8950,0,0.000018,NO
8951,1,0.000004,NO
8952,9,0.000109,NO
8953,6,0.943395,NO
8954,0,0.000007,NO
8955,1,0.128205,NO
8956,1,0.359712,NO
8957,2,0.000109,NO
8958,5,0.000109,NO
8959,3,0.000109,NO
8960,1,0.670926,NO
8961,2,0.147060,NO
8962,1,0.000036,NO
8963,8,0.000109,NO
8964,5,0.000012,NO
8965,11,0.000109,NO
8966,1,0.020965,NO
8967,6,0.000027,NO
8968,1,0.000000,NO
8969,7,0.000005,NO
8970,0,0.000002,NO
8971,0,0.000001,NO
8972,0,0.000002,NO
8973,4,0.000054,NO
8974,9,0.000109,NO
8975,8,0.000109,NO
8976,1,0.070299,NO
8977,7,0.000005,NO
8978,24,0.000054,NO
8979,1,0.670926,NO
8980,3,0.000010,NO
8981,2,0.000109,NO
8982,2,0.000109,NO
8983,3,0.000004,NO
8984,13,0.000109,NO
8985,1,0.655737,NO
8986,14,0.000109,NO
8987,1,0.070299,NO
8988,1,0.000000,NO
8989,0,0.000001,NO
8990,7,0.000027,NO
8991,8,0.000006,NO
8992,1,0.000000,NO
8993,5,0.000109,NO
8994,3,0.500000,NO
8995,1,0.000000,NO
8996,12,0.000109,NO
8997,1,0.670926,NO
8998,22,0.000109,NO
8999,5,0.000012,NO
9000,1,0.670926,NO
9001,12,0.000109,NO
9002,2,0.000002,NO
9003,1,0.000000,NO
9004,6,0.000109,NO
9005,10,0.000109,NO
9006,2,0.727272,NO
9007,2,0.000022,NO
9008,17,0.000109,NO
9009,1,0.088496,NO
9010,0,0.000002,NO
9011,1,0.000000,NO
9012,5,0.000014,NO
9013,1,0.359712,NO
9014,2,0.294119,NO
9015,6,0.000109,NO
9016,6,0.000005,NO
9017,1,0.070299,NO
9018,1,0.020965,NO
9019,13,0.000109,NO
9020,11,0.000109,NO
9021,3,0.000005,NO
9022,1,0.000005,NO
9023,5,0.000008,NO
9024,4,0.000008,NO
9025,1,0.000000,NO
9026,0,0.000001,NO
9027,1,0.000003,NO
9028,9,0.000036,NO
9029,1,0.128205,NO
9030,2,0.789472,NO
9031,5,0.000027,NO
9032,0,0.000001,NO
9033,1,0.000005,NO
9034,1,0.000109,NO
9035,0,0.072993,NO
9036,15,0.000109,NO
9037,1,0.000000,NO
9038,5,0.000109,NO
9039,9,0.000109,NO
9040,27,0.000109,NO
9041,4,0.000007,NO
9042,1,0.000000,NO
9043,0,0.000001,NO
9044,2,0.000004,NO
9045,0,0.000002,NO
9046,1,0.000001,NO
9047,1,0.000000,NO
9048,1,0.020965,NO
9049,25,0.000109,NO
9050,1,0.088496,NO
9051,7,0.000109,NO
9052,1,0.000002,NO
9053,9,0.000012,NO
9054,1,0.000054,NO
9055,4,0.000027,NO
9056,13,0.000109,NO
9057,2,0.000109,NO
9058,15,0.000109,NO
9059,1,0.324676,NO
9060,0,0.072993,NO
9061,30,0.000109,NO
9062,6,0.999995,NO
9063,2,0.000054,NO
9064,7,0.000022,NO
9065,9,0.000109,NO
9066,2,0.476191,NO
9067,1,0.020965,NO
9068,1,0.670926,NO
9069,1,0.000005,NO
9070,2,0.147060,NO
9071,1,0.000001,NO
9072,7,0.000007,NO
9073,13,0.000109,NO
9074,0,0.000002,NO
9075,6,0.000006,NO
9076,1,0.670926,NO
9077,2,0.000006,NO
9078,0,0.000003,NO
9079,3,0.000109,NO
9080,11,0.000109,NO
9081,23,0.000109,NO
9082,1,0.670926,NO
9083,0,0.072993,NO
9084,14,0.000109,NO
9085,1,0.070299,NO
9086,1,0.000054,NO
9087,0,0.000008,NO
9088,1,0.000001,NO
9089,8,0.000010,NO
9090,1,0.000001,NO
9091,8,0.000036,NO
9092,1,0.070299,NO
9093,3,0.971223,NO
9094,3,0.833330,NO
9095,1,0.000000,NO
9096,4,0.999989,NO
9097,1,0.000003,NO
9098,1,0.324676,NO
9099,3,0.000005,NO
9100,2,0.147060,NO
9101,9,0.000016,NO
9102,0,0.000001,NO
9103,23,0.000109,NO
9104,4,0.000109,NO
9105,11,0.000109,NO
9106,5,0.000109,NO
9107,1,0.000001,NO
9108,0,0.000011,NO
9109,33,0.000109,NO
9110,0,0.000001,NO
9111,1,0.000000,NO
9112,1,0.070299,NO
9113,1,0.670926,NO
9114,0,0.000011,NO
9115,1,0.000000,NO
9116,5,0.000054,NO
9117,9,0.000054,NO
9118,5,0.000009,NO
9119,0,0.000001,NO
9120,1,0.000000,NO
9121,1,0.128205,NO
9122,3,0.000109,NO
9123,3,0.000005,NO
9124,21,0.999989,NO
9125,7,0.000012,NO
9126,6,0.000054,NO
9127,5,0.000036,NO
9128,6,0.000006,NO
9129,2,0.833330,NO
9130,0,0.000002,NO
9131,1,0.000000,NO
9132,5,0.000009,NO
9133,3,0.000005,NO
9134,1,0.088496,NO
9135,4,0.000109,NO
9136,2,0.000002,NO
9137,7,0.000109,NO
9138,5,0.000109,NO
9139,0,0.000002,NO
9140,9,0.000109,NO
9141,17,0.000109,NO
9142,1,0.000000,NO
9143,1,0.070299,NO
9144,18,0.000109,NO
9145,25,0.000109,NO
9146,0,0.000003,NO
9147,16,0.000109,NO
9148,0,0.000002,NO
9149,1,0.088496,NO
9150,0,0.000005,NO
9151,1,0.000000,NO
9152,12,0.000109,NO
9153,4,0.000004,NO
9154,26,0.000109,NO
9155,0,0.000010,NO
9156,1,0.000000,NO
9157,4,0.000007,NO
9158,0,0.000002,NO
9159,0,0.072993,NO
9160,1,0.000109,NO
9161,2,0.434783,NO
9162,7,0.769226,NO
9163,2,0.000109,NO
9164,6,0.000054,NO
9165,14,0.000109,NO
9166,8,0.000054,NO
9167,5,0.000007,NO
9168,4,0.714282,NO
9169,11,0.000109,NO
9170,12,0.000109,NO
9171,7,0.000109,NO
9172,4,0.000008,NO
9173,6,0.000007,NO
9174,0,0.000005,NO
9175,0,0.000003,NO
9176,10,0.000109,NO
9177,6,0.000006,NO
9178,6,0.000014,NO
9179,4,0.000036,NO
9180,6,0.000036,NO
9181,4,0.000003,NO
9182,2,0.000004,NO
9183,31,0.000109,NO
9184,32,0.000109,NO
9185,1,0.020965,NO
9186,12,0.000109,NO
9187,0,0.000008,NO
9188,22,0.000109,NO
9189,7,0.000007,NO
9190,3,0.999989,NO
9191,1,0.128205,NO
9192,0,0.000004,NO
9193,7,0.000008,NO
9194,0,0.000005,NO
9195,0,0.000009,NO
9196,1,0.000000,NO
9197,6,0.000109,NO
9198,0,0.000001,NO
9199,1,0.070299,NO
9200,0,0.000001,NO
9201,37,0.000109,NO
9202,1,0.070299,NO
9203,1,0.670926,NO
9204,51,0.999989,NO
9205,15,0.000109,NO
9206,1,0.000006,NO
9207,17,0.000109,NO
9208,1,0.088496,NO
9209,1,0.000000,NO
9210,8,0.000109,NO
9211,1,0.020965,NO
9212,5,0.000027,NO
9213,9,0.000109,NO
9214,10,0.000109,NO
9215,1,0.070299,NO
9216,1,0.000000,NO
9217,10,0.000109,NO
9218,1,0.020965,NO
9219,1,0.070299,NO
9220,0,0.000008,NO
9221,1,0.000005,NO
9222,5,0.000005,NO
9223,1,0.070299,NO
9224,1,0.070299,NO
9225,1,0.020965,NO
9226,1,0.000000,NO
9227,0,0.000003,NO
9228,2,0.000009,NO
9229,23,0.000109,NO
9230,6,0.000109,NO
9231,0,0.000006,NO
9232,14,0.000109,NO
9233,0,0.000003,NO
9234,7,0.000054,NO
9235,0,0.000008,NO
9236,2,0.294119,NO
9237,1,0.070299,NO
9238,16,0.000109,NO
9239,2,0.000109,NO
9240,0,0.000109,NO
9241,48,0.000109,NO
9242,1,0.000000,NO
9243,0,0.000007,NO
9244,3,0.370371,NO
9245,1,0.000022,NO
9246,3,0.714282,NO
9247,5,0.000109,NO
9248,1,0.000004,NO
9249,3,0.000054,NO
9250,5,0.000054,NO
9251,10,0.000036,NO
9252,43,0.000109,NO
9253,9,0.000054,NO
9254,4,0.000036,NO
9255,4,0.000109,NO
9256,0,0.000002,NO
9257,4,0.000109,NO
9258,1,0.020965,NO
9259,3,0.000003,NO
9260,15,0.000109,NO
9261,12,0.000109,NO
9262,4,0.000003,NO
9263,0,0.000003,NO
9264,41,0.000109,NO
9265,4,0.000016,NO
9266,2,0.000004,NO
9267,7,0.000007,NO
9268,15,0.000109,NO
9269,1,0.020965,NO
9270,1,0.000000,NO
9271,0,0.000001,NO
9272,28,0.000109,NO
9273,7,0.000005,NO
9274,0,0.000008,NO
9275,9,0.000012,NO
9276,8,0.000010,NO
9277,2,0.000109,NO
9278,0,0.000001,NO
9279,4,0.000007,NO
9280,1,0.070299,NO
9281,1,0.000109,NO
9282,22,0.000054,NO
9283,1,0.000000,NO
9284,10,0.000109,NO
9285,1,0.000000,NO
9286,1,0.000000,NO
9287,3,0.400001,NO
9288,6,0.000109,NO
9289,1,0.000000,NO
9290,8,0.000109,NO
9291,6,0.000006,NO
9292,9,0.000012,NO
9293,1,0.655737,NO
9294,1,0.000000,NO
9295,4,0.000022,NO
9296,13,0.000109,NO
9297,1,0.000109,NO
9298,9,0.000109,NO
9299,1,0.070299,NO
9300,2,0.147060,NO
9301,4,0.588234,NO
9302,11,0.999989,NO
9303,1,0.088496,NO
9304,0,0.000005,NO
9305,2,0.000054,NO
9306,5,0.000054,NO
9307,1,0.088496,NO
9308,1,0.020965,NO
9309,1,0.000036,NO
9310,0,0.000002,NO
9311,0,0.000001,NO
9312,1,0.000022,NO
9313,1,0.020965,NO
9314,8,0.909083,NO
9315,1,0.070299,NO
9316,6,0.000006,NO
9317,14,0.000109,NO
9318,1,0.670926,NO
9319,1,0.070299,NO
9320,16,0.000109,NO
9321,7,0.000109,NO
9322,8,0.000014,NO
9323,0,0.072993,NO
9324,15,0.000109,NO
9325,0,0.000007,NO
9326,0,0.000002,NO
9327,19,0.999989,NO
9328,36,0.000109,NO
9329,2,0.000002,NO
9330,42,0.999989,NO
9331,8,0.000109,NO
9332,1,0.000005,NO
9333,29,0.000109,NO
9334,0,0.000001,NO
9335,7,0.000005,NO
9336,1,0.020965,NO
9337,7,0.000054,NO
9338,11,0.000109,NO
9339,0,0.000002,NO
9340,1,0.000000,NO
9341,1,0.000000,NO
9342,2,0.000109,NO
9343,0,0.000006,NO
9344,26,0.000109,NO
9345,0,0.000001,NO
9346,1,0.000001,NO
9347,1,0.000011,NO
9348,10,0.000109,NO
9349,47,0.999989,NO
9350,26,0.999989,NO
9351,7,0.000007,NO
9352,9,0.000016,NO
9353,2,0.000003,NO
9354,1,0.000000,NO
9355,0,0.000001,NO
9356,0,0.000002,NO
9357,25,0.000109,NO
9358,0,0.000003,NO
9359,10,0.000022,NO
9360,5,0.000008,NO
9361,15,0.000109,NO
9362,13,0.000109,NO
9363,2,0.000002,NO
9364,0,0.000018,NO
9365,1,0.000001,NO
9366,4,0.000010,NO
9367,12,0.000054,NO
9368,42,0.000109,NO
9369,18,0.000109,NO
9370,4,0.000004,NO
9371,1,0.000109,NO
9372,0,0.000002,NO
9373,3,0.000018,NO
9374,1,0.000000,NO
9375,11,0.000109,NO
9376,6,0.000054,NO
9377,1,0.070299,NO
9378,8,0.000054,NO
9379,4,0.999989,NO
9380,1,0.000000,NO
9381,4,0.000109,NO
9382,2,0.000109,NO
9383,9,0.645160,NO
9384,1,0.000001,NO
9385,7,0.000054,NO
9386,21,0.999989,NO
9387,1,0.070299,NO
9388,2,0.000109,NO
9389,27,0.000054,NO
9390,7,0.000109,NO
9391,1,0.000003,NO
9392,5,0.000016,NO
9393,3,0.000005,NO
9394,14,0.000109,NO
9395,3,0.400001,NO
9396,1,0.000000,NO
9397,8,0.000054,NO
9398,1,0.128205,NO
9399,2,0.727272,NO
9400,7,0.000014,NO
9401,9,0.000109,NO
9402,1,0.000012,NO
9403,1,0.000005,NO
9404,0,0.000011,NO
9405,0,0.000002,NO
9406,4,0.000027,NO
9407,22,0.999989,NO
9408,0,0.000002,NO
9409,1,0.020965,NO
9410,0,0.000002,NO
9411,9,0.645160,NO
9412,1,0.070299,NO
9413,11,0.000109,NO
9414,12,0.000109,NO
9415,0,0.000006,NO
9416,1,0.000000,NO
9417,30,0.000109,NO
9418,7,0.000036,NO
9419,3,0.400001,NO
9420,1,0.670926,NO
9421,0,0.000002,NO
9422,4,0.000109,NO
9423,18,0.999989,NO
9424,27,0.000109,NO
9425,1,0.000000,NO
9426,3,0.232559,NO
9427,1,0.670926,NO
9428,2,0.000011,NO
9429,1,0.000002,NO
9430,41,0.000109,NO
9431,3,0.000003,NO
9432,10,0.000016,NO
9433,2,0.000109,NO
9434,4,0.000006,NO
9435,1,0.000000,NO
9436,36,0.000109,NO
9437,1,0.000000,NO
9438,1,0.020965,NO
9439,5,0.000012,NO
9440,1,0.000000,NO
9441,9,0.000109,NO
9442,12,0.000109,NO
9443,1,0.020965,NO
9444,1,0.324676,NO
9445,0,0.000006,NO
9446,0,0.000002,NO
9447,13,0.000109,NO
9448,0,0.000002,NO
9449,1,0.020965,NO
9450,1,0.670926,NO
9451,12,0.000109,NO
9452,1,0.128205,NO
9453,3,0.000005,NO
9454,11,0.000109,NO
9455,1,0.000109,NO
9456,1,0.000000,NO
9457,0,0.000010,NO
9458,5,0.000109,NO
9459,2,0.000007,NO
9460,10,0.999989,NO
9461,5,0.000036,NO
9462,1,0.000014,NO
9463,33,0.000109,NO
9464,1,0.000004,NO
9465,16,0.000109,NO
9466,1,0.359712,NO
9467,3,0.000109,NO
9468,1,0.000000,NO
9469,1,0.000000,NO
9470,1,0.070299,NO
9471,1,0.324676,NO
9472,0,0.000001,NO
9473,2,0.000109,NO
9474,1,0.128205,NO
9475,4,0.000004,NO
9476,24,0.000109,NO
9477,41,0.000109,NO
9478,0,0.000001,NO
9479,1,0.000003,NO
9480,7,0.000109,NO
9481,1,0.000027,NO
9482,1,0.000001,NO
9483,16,0.000109,NO
9484,8,0.000016,NO
9485,0,0.000010,NO
9486,0,0.000002,NO
9487,1,0.088496,NO
9488,0,0.000109,NO
9489,4,0.000003,NO
9490,37,0.000109,NO
9491,7,0.000109,NO
9492,6,0.384616,NO
9493,3,0.476191,NO
9494,1,0.000000,NO
9495,1,0.070299,NO
9496,1,0.000011,NO
9497,1,0.000005,NO
9498,7,0.000007,NO
9499,0,0.000002,NO
9500,17,0.000109,NO
9501,0,0.000003,NO
9502,2,0.833330,NO
9503,1,0.670926,NO
9504,4,0.000007,NO
9505,50,0.000109,NO
9506,0,0.000002,NO
9507,0,0.000001,NO
9508,25,0.000109,NO
9509,1,0.000000,NO
9510,1,0.000000,NO
9511,1,0.952376,NO
9512,1,0.000109,NO
9513,5,0.000109,NO
9514,1,0.000018,NO
9515,1,0.000001,NO
9516,11,0.000109,NO
9517,6,0.999989,NO
9518,3,0.000004,NO
9519,12,0.000054,NO
9520,1,0.000000,NO
9521,1,0.000000,NO
9522,9,0.000109,NO
9523,19,0.000109,NO
9524,4,0.000007,NO
9525,4,0.000022,NO
9526,2,0.000109,NO
9527,8,0.000006,NO
9528,0,0.000001,NO
9529,0,0.072993,NO
9530,1,0.020965,NO
9531,8,0.000109,NO
9532,0,0.000002,NO
9533,1,0.000000,NO
9534,1,0.000003,NO
9535,1,0.359712,NO
9536,1,0.000000,NO
9537,1,0.070299,NO
9538,6,0.000109,NO
9539,9,0.000109,NO
9540,4,0.000004,NO
9541,3,0.986841,NO
9542,13,0.000054,NO
9543,3,0.000109,NO
9544,4,0.000012,NO
9545,1,0.670926,NO
9546,22,0.000109,NO
9547,1,0.394737,NO
9548,28,0.000054,NO
9549,6,0.000036,NO
9550,2,0.000036,NO
9551,5,0.000109,NO
9552,7,0.000009,NO
9553,2,0.294119,NO
9554,1,0.000000,NO
9555,1,0.000036,NO
9556,1,0.000000,NO
9557,0,0.000002,NO
9558,2,0.000004,NO
9559,1,0.020965,NO
9560,1,0.670926,NO
9561,3,0.000109,NO
9562,1,0.000018,NO
9563,4,0.000109,NO
9564,1,0.070299,NO
9565,0,0.000002,NO
9566,2,0.000109,NO
9567,22,0.000109,NO
9568,1,0.128205,NO
9569,1,0.000000,NO
9570,37,0.000109,NO
9571,1,0.020965,NO
9572,4,0.000036,NO
9573,0,0.000002,NO
9574,24,0.000109,NO
9575,12,0.000027,NO
9576,5,0.999989,NO
9577,6,0.000005,NO
9578,3,0.232559,NO
9579,10,0.000022,NO
9580,2,0.000005,NO
9581,8,0.000109,NO
9582,7,0.000109,NO
9583,1,0.670926,NO
9584,1,0.000003,NO
9585,0,0.072993,NO
9586,22,0.000109,NO
9587,1,0.020965,NO
9588,0,0.000001,NO
9589,14,0.000054,NO
9590,3,0.971223,NO
9591,4,0.000003,NO
9592,6,0.000109,NO
9593,35,0.999989,NO
9594,0,0.000003,NO
9595,1,0.020965,NO
9596,8,0.000109,NO
9597,0,0.000007,NO
9598,21,0.000109,NO
9599,1,0.070299,NO
9600,5,0.000022,NO
9601,1,0.670926,NO
9602,1,0.128205,NO
9603,1,0.324676,NO
9604,42,0.000109,NO
9605,4,0.000109,NO
9606,1,0.000014,NO
9607,22,0.000109,NO
9608,8,0.000109,NO
9609,3,0.000109,NO
9610,1,0.000000,NO
9611,0,0.000003,NO
9612,11,0.000109,NO
9613,1,0.000000,NO
9614,1,0.394737,NO
9615,0,0.000006,NO
9616,3,0.000003,NO
9617,0,0.000002,NO
9618,12,0.000109,NO
9619,0,0.000003,NO
9620,2,0.000018,NO
9621,4,0.000018,NO
9622,4,0.000109,NO
9623,92,0.000054,NO
9624,10,0.000109,NO
9625,1,0.020965,NO
9626,1,0.000001,NO
9627,0,0.000003,NO
9628,7,0.000054,NO
9629,3,0.000054,NO
9630,6,0.000109,NO
9631,13,0.000109,NO
9632,1,0.000000,NO
9633,4,0.000007,NO
9634,0,0.000109,NO
9635,1,0.000000,NO
9636,0,0.000001,NO
9637,1,0.070299,NO
9638,5,0.000054,NO
9639,0,0.000003,NO
9640,9,0.000109,NO
9641,4,0.000003,NO
9642,1,0.655737,NO
9643,0,0.000002,NO
9644,4,0.000003,NO
9645,1,0.128205,NO
9646,1,0.000001,NO
9647,1,0.000001,NO
9648,4,0.000036,NO
9649,2,0.454546,NO
9650,0,0.000022,NO
9651,0,0.000008,NO
9652,0,0.000010,NO
9653,10,0.000109,NO
9654,5,0.999995,NO
9655,15,0.000054,NO
9656,1,0.070299,NO
9657,1,0.670926,NO
9658,1,0.020965,NO
9659,4,0.000003,NO
9660,0,0.000001,NO
9661,2,0.000109,NO
9662,3,0.000005,NO
9663,3,0.000109,NO
9664,2,0.294119,NO
9665,8,0.000109,NO
9666,7,0.000007,NO
9667,2,0.000003,NO
9668,8,0.000006,NO
9669,1,0.000000,NO
9670,1,0.000001,NO
9671,11,0.000109,NO
9672,4,0.000004,NO
9673,3,0.000005,NO
9674,0,0.000001,NO
9675,6,0.000027,NO
9676,2,0.147060,NO
9677,2,0.000027,NO
9678,0,0.000109,NO
9679,2,0.000004,NO
9680,3,0.000005,NO
9681,1,0.670926,NO
9682,5,0.000109,NO
9683,1,0.070299,NO
9684,1,0.000000,NO
9685,1,0.128205,NO
9686,6,0.000007,NO
9687,0,0.000005,NO
9688,0,0.000002,NO
9689,2,0.000005,NO
9690,8,0.000109,NO
9691,1,0.000000,NO
9692,1,0.670926,NO
9693,1,0.020965,NO
9694,1,0.070299,NO
9695,0,0.000002,NO
9696,0,0.000007,NO
9697,13,0.999989,NO
9698,2,0.000109,NO
9699,34,0.000109,NO
9700,1,0.324676,NO
9701,1,0.070299,NO
9702,7,0.000012,NO
9703,9,0.000109,NO
9704,0,0.000003,NO
9705,1,0.070299,NO
9706,25,0.000109,NO
9707,1,0.128205,NO
9708,1,0.000000,NO
9709,1,0.128205,NO
9710,1,0.000000,NO
9711,6,0.000006,NO
9712,0,0.000002,NO
9713,2,0.000005,NO
9714,0,0.000003,NO
9715,0,0.000109,NO
9716,3,0.000109,NO
9717,1,0.670926,NO
9718,3,0.000005,NO
9719,1,0.000001,NO
9720,0,0.000009,NO
9721,8,0.000010,NO
9722,1,0.128205,NO
9723,1,0.000000,NO
9724,20,0.999989,NO
9725,16,0.000109,NO
9726,1,0.000000,NO
9727,9,0.000109,NO
9728,1,0.000054,NO
9729,21,0.000109,NO
9730,2,0.147060,NO
9731,2,0.833330,NO
9732,1,0.072993,NO
9733,7,0.000054,NO
9734,1,0.000005,NO
9735,1,0.000000,NO
9736,12,0.999989,NO
9737,4,0.000003,NO
9738,7,0.000016,NO
9739,10,0.000014,NO
9740,2,0.000109,NO
9741,23,0.000109,NO
9742,8,0.000109,NO
9743,0,0.000002,NO
9744,1,0.359712,NO
9745,10,0.000109,NO
9746,9,0.000109,NO
9747,0,0.000005,NO
9748,0,0.072993,NO
9749,0,0.000006,NO
9750,1,0.000000,NO
9751,0,0.000002,NO
9752,7,0.000005,NO
9753,6,0.000007,NO
9754,4,0.000007,NO
9755,5,0.000054,NO
9756,1,0.128205,NO
9757,22,0.999989,NO
9758,1,0.000001,NO
9759,24,0.000109,NO
9760,1,0.070299,NO
9761,8,0.000054,NO
9762,1,0.000000,NO
9763,1,0.000109,NO
9764,10,0.000036,NO
9765,2,0.000109,NO
9766,8,0.000109,NO
9767,15,0.999989,NO
9768,12,0.999989,NO
9769,0,0.000008,NO
9770,0,0.000001,NO
9771,11,0.000109,NO
9772,0,0.072993,NO
9773,0,0.000004,NO
9774,3,0.232559,NO
9775,21,0.000109,NO
9776,0,0.000002,NO
9777,1,0.000002,NO
9778,2,0.294119,NO
9779,6,0.000109,NO
9780,7,0.000109,NO
9781,3,0.000036,NO
9782,3,0.000054,NO
9783,1,0.000000,NO
9784,6,0.000014,NO
9785,0,0.312501,NO
9786,0,0.000006,NO
9787,10,0.000109,NO
9788,0,0.000001,NO
9789,3,0.000109,NO
9790,14,0.000109,NO
9791,1,0.000054,NO
9792,1,0.000003,NO
9793,1,0.070299,NO
9794,4,0.000007,NO
9795,19,0.000109,NO
9796,4,0.000109,NO
9797,0,0.000002,NO
9798,1,0.020965,NO
9799,4,0.000109,NO
9800,1,0.000000,NO
9801,10,0.000016,NO
9802,1,0.670926,NO
9803,4,0.000054,NO
9804,4,0.000018,NO
9805,8,0.000006,NO
9806,1,0.000001,NO
9807,0,0.000003,NO
9808,1,0.070299,NO
9809,5,0.000022,NO
9810,1,0.000011,NO
9811,0,0.000002,NO
9812,7,0.000109,NO
9813,1,0.999989,NO
9814,9,0.000012,NO
9815,1,0.070299,NO
9816,0,0.000007,NO
9817,10,0.000109,NO
9818,15,0.000109,NO
9819,9,0.000016,NO
9820,1,0.000000,NO
9821,5,0.000109,NO
9822,0,0.000001,NO
9823,5,0.965909,NO
9824,0,0.000002,NO
9825,1,0.000109,NO
9826,3,0.000004,NO
9827,0,0.000001,NO
9828,1,0.000000,NO
9829,0,0.000006,NO
9830,1,0.070299,NO
9831,8,0.000109,NO
9832,10,0.000109,NO
9833,0,0.000109,NO
9834,1,0.324676,NO
9835,4,0.000007,NO
9836,13,0.000109,NO
9837,1,0.070299,NO
9838,13,0.000109,NO
9839,1,0.000109,NO
9840,10,0.000036,NO
9841,6,0.000006,NO
9842,0,0.000005,NO
9843,3,0.000109,NO
9844,1,0.000000,NO
9845,4,0.000012,NO
9846,17,0.999989,NO
9847,7,0.000109,NO
9848,7,0.000006,NO
9849,1,0.128205,NO
9850,1,0.000000,NO
9851,0,0.000006,NO
9852,8,0.000109,NO
9853,28,0.000109,NO
9854,1,0.324676,NO
9855,5,0.000109,NO
9856,1,0.000000,NO
9857,1,0.000002,NO
9858,0,0.000002,NO
9859,1,0.020965,NO
9860,3,0.476191,NO
9861,1,0.128205,NO
9862,2,0.000002,NO
9863,0,0.000002,NO
9864,4,0.000012,NO
9865,1,0.020965,NO
9866,4,0.000006,NO
9867,1,0.000003,NO
9868,3,0.000036,NO
9869,7,0.000109,NO
9870,1,0.070299,NO
9871,0,0.000001,NO
9872,7,0.000109,NO
9873,21,0.000109,NO
9874,13,0.000109,NO
9875,1,0.070299,NO
9876,10,0.000022,NO
9877,23,0.000109,NO
9878,1,0.128205,NO
9879,2,0.727272,NO
9880,5,0.666664,NO
9881,1,0.128205,NO
9882,1,0.324676,NO
9883,1,0.070299,NO
9884,1,0.000000,NO
9885,1,0.670926,NO
9886,10,0.000109,NO
9887,14,0.000109,NO
9888,20,0.000109,NO
9889,2,0.000002,NO
9890,1,0.000000,NO
9891,1,0.000000,NO
9892,3,0.000109,NO
9893,7,0.000109,NO
9894,3,0.000109,NO
9895,1,0.128205,NO
9896,1,0.000109,NO
9897,5,0.000109,NO
9898,1,0.000001,NO
9899,12,0.000109,NO
9900,1,0.000018,NO
9901,1,0.000005,NO
9902,9,0.000109,NO
9903,7,0.000005,NO
9904,1,0.000018,NO
9905,1,0.359712,NO
9906,15,0.000054,NO
9907,27,0.000109,NO
9908,4,0.000016,NO
9909,3,0.000109,NO
9910,0,0.000001,NO
9911,2,0.000011,NO
9912,9,0.000109,NO
9913,1,0.128205,NO
9914,7,0.000006,NO
9915,0,0.000001,NO
9916,10,0.000036,NO
9917,1,0.020965,NO
9918,1,0.020965,NO
9919,1,0.000000,NO
9920,3,0.000054,NO
9921,4,0.000054,NO
9922,11,0.000109,NO
9923,15,0.000109,NO
9924,2,0.000009,NO
9925,5,0.000036,NO
9926,1,0.070299,NO
9927,1,0.000054,NO
9928,5,0.000008,NO
9929,0,0.000002,NO
9930,32,0.999989,NO
9931,4,0.000109,NO
9932,3,0.500000,NO
9933,0,0.000003,NO
9934,1,0.000109,NO
9935,1,0.070299,NO
9936,28,0.000109,NO
9937,6,0.000007,NO
9938,1,0.000005,NO
9939,20,0.000109,NO
9940,16,0.999989,NO
9941,1,0.670926,NO
9942,0,0.000002,NO
9943,2,0.000011,NO
9944,1,0.670926,NO
9945,1,0.000001,NO
9946,3,0.000005,NO
9947,1,0.000000,NO
9948,2,0.000007,NO
9949,4,0.000109,NO
9950,1,0.000036,NO
9951,90,0.000109,NO
9952,1,0.128205,NO
9953,0,0.000003,NO
9954,6,0.000006,NO
9955,11,0.000109,NO
9956,0,0.000003,NO
9957,3,0.000109,NO
9958,0,0.000008,NO
9959,8,0.000109,NO
9960,0,0.072993,NO
9961,2,0.000054,NO
9962,0,0.000003,NO
9963,1,0.070299,NO
9964,5,0.000016,NO
9965,1,0.070299,NO
9966,0,0.000008,NO
9967,4,0.000109,NO
9968,6,0.000109,NO
9969,1,0.670926,NO
9970,1,0.128205,NO
9971,3,0.000109,NO
9972,6,0.000007,NO
9973,0,0.072993,NO
9974,1,0.000001,NO
9975,6,0.000005,NO
9976,7,0.000109,NO
9977,7,0.000005,NO
9978,3,0.000005,NO
9979,3,0.000005,NO
9980,1,0.020965,NO
9981,6,0.000109,NO
9982,5,0.000016,NO
9983,10,0.000018,NO
9984,24,0.000109,NO
9985,4,0.000004,NO
9986,1,0.000036,NO
9987,1,0.000000,NO
9988,27,0.000109,NO
9989,2,0.434783,NO
9990,1,0.070299,NO
9991,2,0.526315,NO
9992,3,0.000109,NO
9993,1,0.020965,NO
9994,0,0.000036,NO
9995,0,0.000054,NO
9996,1,0.000000,NO
9997,12,0.000109,NO
9998,1,0.070299,NO
9999,3,0.000004,NO
10000,0,0.000002,NO
10001,0,0.000008,NO
10002,0,0.000001,NO
10003,3,0.000109,NO
10004,0,0.000003,NO
10005,7,0.000109,NO
10006,4,0.000011,NO
10007,0,0.072993,NO
10008,28,0.000109,NO
10009,1,0.020965,NO
10010,2,0.000054,NO
10011,9,0.000012,NO
10012,2,0.000002,NO
10013,1,0.070299,NO
10014,0,0.000001,NO
10015,5,0.000014,NO
10016,1,0.000000,NO
10017,6,0.384616,NO
10018,2,0.000022,NO
10019,17,0.000109,NO
10020,5,0.000012,NO
10021,5,0.000010,NO
10022,3,0.000005,NO
10023,9,0.000109,NO
10024,4,0.000018,NO
10025,2,0.476191,NO
10026,1,0.020965,NO
10027,1,0.070299,NO
10028,13,0.000109,NO
10029,0,0.000002,NO
10030,37,0.000109,NO
10031,0,0.000003,NO
10032,3,0.000109,NO
10033,1,0.000000,NO
10034,2,0.000109,NO
10035,1,0.020965,NO
10036,1,0.020965,NO
10037,4,0.000054,NO
10038,1,0.000000,NO
10039,1,0.394737,NO
10040,1,0.000000,NO
10041,5,0.000109,NO
10042,4,0.000016,NO
10043,3,0.000005,NO
10044,0,0.000002,NO
10045,2,0.000003,NO
10046,15,0.000109,NO
10047,27,0.000109,NO
10048,0,0.000004,NO
10049,21,0.000109,NO
10050,1,0.070299,NO
10051,2,0.000006,NO
10052,2,0.000109,NO
10053,9,0.000109,NO
10054,8,0.000109,NO
10055,13,0.000109,NO
10056,8,0.000109,NO
10057,1,0.000003,NO
10058,0,0.000003,NO
10059,1,0.000018,NO
10060,1,0.000008,NO
10061,1,0.000000,NO
10062,1,0.394737,NO
10063,4,0.000008,NO
10064,9,0.000010,NO
10065,1,0.128205,NO
10066,1,0.020965,NO
10067,0,0.000006,NO
10068,2,0.000109,NO
10069,13,0.000109,NO
10070,1,0.000000,NO
10071,3,0.000109,NO
10072,0,0.312501,NO
10073,0,0.000003,NO
10074,22,0.000109,NO
10075,3,0.000005,NO
10076,11,0.000109,NO
10077,6,0.000006,NO
10078,1,0.670926,NO
10079,4,0.000109,NO
10080,1,0.128205,NO
10081,4,0.000014,NO
10082,1,0.128205,NO
10083,0,0.000002,NO
10084,6,0.000006,NO
10085,10,0.000054,NO
10086,1,0.000000,NO
10087,0,0.000005,NO
10088,1,0.000011,NO
10089,38,0.000109,NO
10090,1,0.070299,NO
10091,16,0.000109,NO
10092,1,0.070299,NO
10093,1,0.070299,NO
10094,8,0.000006,NO
10095,0,0.000001,NO
10096,8,0.000109,NO
10097,0,0.000109,NO
10098,7,0.000007,NO
10099,0,0.000109,NO
10100,13,0.000109,NO
10101,0,0.000001,NO
10102,0,0.000001,NO
10103,4,0.000109,NO
10104,7,0.000005,NO
10105,0,0.000001,NO
10106,1,0.670926,NO
10107,8,0.000014,NO
10108,1,0.000109,NO
10109,1,0.670926,NO
10110,28,0.999989,NO
10111,7,0.000109,NO
10112,0,0.000001,NO
10113,11,0.000016,NO
10114,4,0.000109,NO
10115,8,0.000006,NO
10116,1,0.000022,NO
10117,0,0.000010,NO
10118,1,0.000005,NO
10119,1,0.070299,NO
10120,1,0.070299,NO
10121,1,0.128205,NO
10122,1,0.070299,NO
10123,4,0.000004,NO
10124,7,0.909083,NO
10125,0,0.072993,NO
10126,10,0.000109,NO
10127,1,0.070299,NO
10128,1,0.070299,NO
10129,33,0.000109,NO
10130,10,0.000109,NO
10131,1,0.128205,NO
10132,16,0.000109,NO
10133,6,0.384616,NO
10134,7,0.000009,NO
10135,1,0.070299,NO
10136,1,0.000004,NO
10137,1,0.000005,NO
10138,3,0.000054,NO
10139,4,0.999989,NO
10140,1,0.394737,NO
10141,1,0.020965,NO
10142,1,0.000005,NO
10143,6,0.000007,NO
10144,13,0.000109,NO
10145,11,0.000109,NO
10146,1,0.670926,NO
10147,2,0.434783,NO
10148,1,0.128205,NO
10149,4,0.000016,NO
10150,1,0.128205,NO
10151,1,0.670926,NO
10152,1,0.070299,NO
10153,10,0.000109,NO
10154,2,0.000004,NO
10155,4,0.555555,NO
10156,6,0.000006,NO
10157,6,0.000036,NO
10158,1,0.128205,NO
10159,9,0.000109,NO
10160,1,0.324676,NO
10161,10,0.000036,NO
10162,34,0.999989,NO
10163,10,0.000016,NO
10164,1,0.000109,NO
10165,10,0.000016,NO
10166,8,0.000109,NO
10167,1,0.359712,NO
10168,11,0.000109,NO
10169,1,0.000000,NO
10170,6,0.000109,NO
10171,1,0.000005,NO
10172,1,0.000000,NO
10173,1,0.670926,NO
10174,1,0.000000,NO
10175,0,0.000006,NO
10176,1,0.324676,NO
10177,1,0.000001,NO
10178,0,0.072993,NO
10179,20,0.999989,NO
10180,1,0.020965,NO
10181,3,0.370371,NO
10182,0,0.000002,NO
10183,0,0.000007,NO
10184,1,0.070299,NO
10185,1,0.000054,NO
10186,0,0.000001,NO
10187,1,0.020965,NO
10188,5,0.000005,NO
10189,0,0.000001,NO
10190,1,0.000022,NO
10191,1,0.128205,NO
10192,2,0.434783,NO
10193,0,0.000003,NO
10194,1,0.128205,NO
10195,14,0.000109,NO
10196,6,0.000109,NO
10197,10,0.000022,NO
10198,7,0.000109,NO
10199,10,0.000054,NO
10200,1,0.000000,NO
10201,7,0.000014,NO
10202,1,0.088496,NO
10203,1,0.000000,NO
10204,1,0.655737,NO
10205,0,0.000003,NO
10206,6,0.000109,NO
10207,4,0.000109,NO
10208,0,0.000011,NO
10209,0,0.000005,NO
10210,0,0.000036,NO
10211,40,0.000109,NO
10212,5,0.000054,NO
10213,0,0.000002,NO
10214,23,0.000109,NO
10215,11,0.000109,NO
10216,0,0.000002,NO
10217,1,0.324676,NO
10218,3,0.000109,NO
10219,1,0.000001,NO
10220,1,0.070299,NO
10221,0,0.000036,NO
10222,5,0.000109,NO
10223,16,0.000109,NO
10224,5,0.000109,NO
10225,10,0.000109,NO
10226,1,0.000109,NO
10227,1,0.070299,NO
10228,4,0.000004,NO
10229,1,0.128205,NO
10230,0,0.000001,NO
10231,5,0.000109,NO
10232,4,0.000007,NO
10233,22,0.000109,NO
10234,7,0.000005,NO
10235,5,0.000036,NO
10236,6,0.000014,NO
10237,1,0.000000,NO
10238,18,0.000109,NO
10239,3,0.000004,NO
10240,0,0.000001,NO
10241,17,0.000109,NO
10242,1,0.020965,NO
10243,16,0.000109,NO
10244,1,0.324676,NO
10245,3,0.000004,NO
10246,8,0.000109,NO
10247,1,0.088496,NO
10248,2,0.000109,NO
10249,3,0.000004,NO
10250,0,0.000002,NO
10251,8,0.000109,NO
10252,11,0.000109,NO
10253,1,0.128205,NO
10254,1,0.070299,NO
10255,11,0.999989,NO
10256,1,0.000036,NO
10257,2,0.526315,NO
10258,1,0.020965,NO
10259,0,0.000003,NO
10260,7,0.000109,YES
10261,19,0.909083,YES
10262,8,0.999989,YES
10263,17,0.000109,YES
10264,7,0.000109,YES
10265,0,0.072993,YES
10266,29,0.000109,YES
10267,6,0.000109,YES
10268,5,0.965909,YES
10269,3,0.986841,YES
10270,6,0.999989,YES
10271,10,0.000054,YES
10272,1,0.670926,YES
10273,52,0.000109,YES
10274,41,0.000109,YES
10275,1,0.324676,YES
10276,19,0.000109,YES
10277,29,0.999989,YES
10278,2,0.000004,YES
10279,30,0.999989,YES
10280,8,0.000109,YES
10281,25,0.000109,YES
10282,14,0.000109,YES
10283,13,0.000109,YES
10284,1,0.000002,YES
10285,3,0.971223,YES
10286,13,0.000054,YES
10287,18,0.000109,YES
10288,51,0.999989,YES
10289,1,0.670926,YES
10290,5,0.965909,YES
10291,3,0.986841,YES
10292,1,0.670926,YES
10293,3,0.971223,YES
10294,1,0.670926,YES
10295,21,0.000109,YES
10296,6,0.943395,YES
10297,9,0.999995,YES
10298,1,0.999989,YES
10299,4,0.000109,YES
10300,1,0.670926,YES
10301,6,0.943395,YES
10302,11,0.000109,YES
10303,1,0.000005,YES
10304,7,0.999989,YES
10305,1,0.020965,YES
10306,1,0.324676,YES
10307,34,0.999989,YES
10308,3,0.986841,YES
10309,5,0.965909,YES
10310,1,0.670926,YES
10311,28,0.000109,YES
10312,7,0.000109,YES
10313,11,0.000109,YES
10314,1,0.670926,YES
10315,14,0.000109,YES
10316,1,0.670926,YES
10317,39,0.000109,YES
10318,14,0.000109,YES
10319,8,0.000109,YES
10320,11,0.000109,YES
10321,7,0.000036,YES
10322,1,0.670926,YES
10323,4,0.000109,YES
10324,1,0.324676,YES
10325,1,0.070299,YES
10326,29,0.000109,YES
10327,5,0.000109,YES
10328,6,0.943395,YES
10329,27,0.000109,YES
10330,1,0.394737,YES
10331,10,0.000109,YES
10332,1,0.128205,YES
10333,0,0.000001,NO
10334,1,0.000001,NO
10335,9,0.000054,NO
10336,1,0.070547,NO
10337,1,0.126183,NO
10338,7,0.000027,NO
10339,24,0.999989,NO
10340,1,0.090091,NO
10341,3,0.000054,NO
10342,18,0.000109,NO
10343,4,0.000008,NO
10344,0,0.000054,NO
10345,1,0.000001,NO
10346,1,0.126183,NO
10347,1,0.000001,NO
10348,1,0.070547,NO
10349,1,0.070547,NO
10350,2,0.000002,NO
10351,1,0.000022,NO
10352,3,0.000109,NO
10353,0,0.000001,NO
10354,12,0.000109,NO
10355,9,0.000109,NO
10356,1,0.000005,NO
10357,9,0.000036,NO
10358,22,0.000109,NO
10359,1,0.070547,NO
10360,1,0.000005,NO
10361,8,0.000109,NO
10362,1,0.126183,NO
10363,4,0.000008,NO
10364,1,0.021882,NO
10365,1,0.000016,NO
10366,1,0.021882,NO
10367,9,0.000109,NO
10368,8,0.000054,NO
10369,0,0.000002,NO
10370,2,0.140846,NO
10371,6,0.000054,NO
10372,3,0.000006,NO
10373,1,0.000001,NO
10374,1,0.000000,NO
10375,1,0.000022,NO
10376,16,0.000109,NO
10377,0,0.000010,NO
10378,1,0.680000,NO
10379,4,0.000008,NO
10380,3,0.000054,NO
10381,6,0.000109,NO
10382,1,0.021882,NO
10383,0,0.000000,NO
10384,0,0.000002,NO
10385,1,0.000018,NO
10386,1,0.000001,NO
10387,1,0.070547,NO
10388,1,0.021882,NO
10389,2,0.000109,NO
10390,1,0.021882,NO
10391,4,0.000004,NO
10392,22,0.000109,NO
10393,9,0.000109,NO
10394,1,0.021882,NO
10395,1,0.126183,NO
10396,2,0.000018,NO
10397,1,0.000000,NO
10398,1,0.000000,NO
10399,6,0.000006,NO
10400,0,0.000002,NO
10401,0,0.000010,NO
10402,1,0.680000,NO
10403,0,0.000004,NO
10404,1,0.680000,NO
10405,8,0.000109,NO
10406,0,0.000002,NO
10407,0,0.000018,NO
10408,1,0.000000,NO
10409,1,0.021882,NO
10410,26,0.000109,NO
10411,1,0.000000,NO
10412,30,0.000109,NO
10413,1,0.000000,NO
10414,6,0.000007,NO
10415,4,0.000011,NO
10416,1,0.021882,NO
10417,0,0.000003,NO
10418,1,0.000001,NO
10419,13,0.000109,NO
10420,5,0.000018,NO
10421,0,0.000002,NO
10422,1,0.021882,NO
10423,0,0.000008,NO
10424,3,0.000004,NO
10425,4,0.000004,NO
10426,13,0.000109,NO
10427,1,0.021882,NO
10428,1,0.000000,NO
10429,4,0.000004,NO
10430,1,0.000000,NO
10431,7,0.000005,NO
10432,11,0.000109,NO
10433,1,0.126183,NO
10434,1,0.427808,NO
10435,4,0.000018,NO
10436,7,0.000027,NO
10437,9,0.000054,NO
10438,1,0.000000,NO
10439,2,0.000004,NO
10440,1,0.021882,NO
10441,4,0.000005,NO
10442,5,0.000027,NO
10443,31,0.000109,NO
10444,21,0.000109,NO
10445,1,0.070547,NO
10446,3,0.000109,NO
10447,0,0.000002,NO
10448,8,0.000109,NO
10449,1,0.000109,NO
10450,3,0.000005,NO
10451,1,0.000002,NO
10452,4,0.000022,NO
10453,1,0.070547,NO
10454,3,0.000005,NO
10455,21,0.000109,NO
10456,7,0.000006,NO
10457,3,0.000022,NO
10458,4,0.000006,NO
10459,4,0.000005,NO
10460,27,0.000109,NO
10461,1,0.021882,NO
10462,3,0.000003,NO
10463,1,0.070547,NO
10464,0,0.000109,NO
10465,15,0.000109,NO
10466,1,0.000016,NO
10467,0,0.000004,NO
10468,4,0.000006,NO
10469,3,0.714282,NO
10470,1,0.021882,NO
10471,1,0.070547,NO
10472,1,0.000036,NO
10473,3,0.000109,NO
10474,2,0.000109,NO
10475,5,0.000054,NO
10476,28,0.000109,NO
10477,1,0.000036,NO
10478,3,0.000109,NO
10479,3,0.000005,NO
10480,80,0.000109,NO
10481,1,0.000002,NO
10482,0,0.312501,NO
10483,9,0.000054,NO
10484,1,0.000000,NO
10485,17,0.000054,NO
10486,0,0.000004,NO
10487,0,0.000001,NO
10488,1,0.000036,NO
10489,30,0.000109,NO
10490,1,0.021882,NO
10491,1,0.364964,NO
10492,1,0.126183,NO
10493,1,0.000000,NO
10494,1,0.000000,NO
10495,5,0.000054,NO
10496,1,0.070547,NO
10497,9,0.000054,NO
10498,8,0.000109,NO
10499,4,0.000036,NO
10500,8,0.000109,NO
10501,11,0.000054,NO
10502,4,0.000054,NO
10503,44,0.000109,NO
10504,1,0.021882,NO
10505,3,0.000109,NO
10506,47,0.000109,NO
10507,7,0.000109,NO
10508,0,0.000002,NO
10509,1,0.070547,NO
10510,9,0.000109,NO
10511,6,0.000109,NO
10512,17,0.000109,NO
10513,5,0.000036,NO
10514,3,0.400001,NO
10515,11,0.000109,NO
10516,1,0.070547,NO
10517,1,0.000109,NO
10518,3,0.500000,NO
10519,1,0.000000,NO
10520,9,0.999989,NO
10521,4,0.000014,NO
10522,0,0.000054,NO
10523,1,0.000011,NO
10524,6,0.000007,NO
10525,2,0.000006,NO
10526,1,0.000000,NO
10527,5,0.000010,NO
10528,5,0.000109,NO
10529,1,0.427808,NO
10530,15,0.000054,NO
10531,1,0.000000,NO
10532,3,0.000109,NO
10533,0,0.000002,NO
10534,0,0.000004,NO
10535,1,0.000000,NO
10536,0,0.000006,NO
10537,2,0.000109,NO
10538,0,0.312501,NO
10539,0,0.000005,NO
10540,0,0.131579,NO
10541,1,0.427808,NO
10542,0,0.000004,NO
10543,4,0.000109,NO
10544,2,0.000109,NO
10545,1,0.126183,NO
10546,8,0.000109,NO
10547,4,0.000054,NO
10548,2,0.000109,NO
10549,2,0.000109,NO
10550,6,0.000005,NO
10551,5,0.000109,NO
10552,1,0.384616,NO
10553,1,0.126183,NO
10554,10,0.000022,NO
10555,0,0.000005,NO
10556,1,0.000109,NO
10557,5,0.000054,NO
10558,0,0.131579,NO
10559,7,0.000109,NO
10560,1,0.090091,NO
10561,0,0.000003,NO
10562,25,0.999989,NO
10563,1,0.000000,NO
10564,9,0.000109,NO
10565,1,0.000000,NO
10566,1,0.070547,NO
10567,4,0.000054,NO
10568,21,0.000054,NO
10569,6,0.000109,NO
10570,1,0.070547,NO
10571,24,0.000109,NO
10572,2,0.000003,NO
10573,0,0.000010,NO
10574,5,0.000109,NO
10575,0,0.000002,NO
10576,41,0.999989,NO
10577,5,0.000109,NO
10578,1,0.126183,NO
10579,0,0.000002,NO
10580,0,0.000054,NO
10581,8,0.000054,NO
10582,0,0.000002,NO
10583,1,0.000109,NO
10584,0,0.000003,NO
10585,1,0.714282,NO
10586,1,0.000004,NO
10587,1,0.000054,NO
10588,5,0.000007,NO
10589,4,0.000036,NO
10590,1,0.680000,NO
10591,1,0.021882,NO
10592,4,0.000027,NO
10593,1,0.126183,NO
10594,4,0.000004,NO
10595,1,0.126183,NO
10596,7,0.000005,NO
10597,1,0.000000,NO
10598,1,0.680000,NO
10599,13,0.000109,NO
10600,1,0.427808,NO
10601,2,0.500000,NO
10602,6,0.000005,NO
10603,2,0.000109,NO
10604,1,0.000004,NO
10605,10,0.000109,NO
10606,4,0.000036,NO
10607,1,0.021882,NO
10608,1,0.070547,NO
10609,1,0.000109,NO
10610,9,0.000036,NO
10611,6,0.000007,NO
10612,1,0.126183,NO
10613,17,0.000109,NO
10614,1,0.000109,NO
10615,1,0.070547,NO
10616,3,0.000004,NO
10617,0,0.000002,NO
10618,6,0.000007,NO
10619,1,0.000000,NO
10620,0,0.000036,NO
10621,0,0.000002,NO
10622,7,0.000054,NO
10623,1,0.000027,NO
10624,2,0.000002,NO
10625,7,0.000036,NO
10626,1,0.680000,NO
10627,1,0.000000,NO
10628,1,0.000001,NO
10629,1,0.680000,NO
10630,1,0.070547,NO
10631,0,0.000003,NO
10632,4,0.000109,NO
10633,6,0.000014,NO
10634,7,0.000054,NO
10635,5,0.000008,NO
10636,7,0.000027,NO
10637,14,0.000109,NO
10638,1,0.021882,NO
10639,6,0.000012,NO
10640,7,0.000109,NO
10641,2,0.000002,NO
10642,3,0.000005,NO
10643,1,0.364964,NO
10644,1,0.070547,NO
10645,4,0.000036,NO
10646,1,0.021882,NO
10647,0,0.000001,NO
10648,1,0.021882,NO
10649,19,0.000109,NO
10650,1,0.000000,NO
10651,10,0.000109,NO
10652,14,0.000109,NO
10653,9,0.000109,NO
10654,5,0.000109,NO
10655,35,0.000109,NO
10656,1,0.000000,NO
10657,4,0.000018,NO
10658,4,0.000027,NO
10659,0,0.000002,NO
10660,5,0.000010,NO
10661,4,0.937497,NO
10662,1,0.680000,NO
10663,6,0.000109,NO
10664,12,0.000109,NO
10665,13,0.000109,NO
10666,3,0.000005,NO
10667,1,0.000018,NO
10668,1,0.000000,NO
10669,8,0.000109,NO
10670,1,0.070547,NO
10671,1,0.021882,NO
10672,0,0.000002,NO
10673,3,0.000054,NO
10674,0,0.000002,NO
10675,6,0.000006,NO
10676,1,0.000001,NO
10677,19,0.000109,NO
10678,1,0.000000,NO
10679,1,0.000000,NO
10680,1,0.021882,NO
10681,4,0.000054,NO
10682,1,0.000000,NO
10683,0,0.000002,NO
10684,4,0.000109,NO
10685,10,0.000109,NO
10686,2,0.384616,NO
10687,0,0.000002,NO
10688,1,0.000005,NO
10689,12,0.000109,NO
10690,0,0.000002,NO
10691,0,0.000004,NO
10692,1,0.021882,NO
10693,2,0.140846,NO
10694,11,0.999989,NO
10695,1,0.090091,NO
10696,1,0.714282,NO
10697,0,0.000003,NO
10698,1,0.000000,NO
10699,1,0.000005,NO
10700,8,0.000109,NO
10701,1,0.000000,NO
10702,1,0.070547,NO
10703,11,0.000109,NO
10704,1,0.070547,NO
10705,18,0.000109,NO
10706,12,0.000109,NO
10707,0,0.000005,NO
10708,12,0.000109,NO
10709,6,0.000109,NO
10710,7,0.000109,NO
10711,4,0.888887,NO
10712,1,0.070547,NO
10713,2,0.000011,NO
10714,2,0.000004,NO
10715,15,0.000109,NO
10716,2,0.000054,NO
10717,2,0.000109,NO
10718,9,0.000054,NO
10719,50,0.000109,NO
10720,5,0.000016,NO
10721,0,0.000001,NO
10722,4,0.000036,NO
10723,1,0.000109,NO
10724,1,0.000001,NO
10725,1,0.070547,NO
10726,13,0.999989,NO
10727,3,0.000109,NO
10728,1,0.126183,NO
10729,33,0.000109,NO
10730,11,0.000109,NO
10731,0,0.000054,NO
10732,1,0.000054,NO
10733,0,0.000002,NO
10734,1,0.090091,NO
10735,1,0.126183,NO
10736,5,0.000109,NO
10737,1,0.000002,NO
10738,0,0.000001,NO
10739,1,0.000027,NO
10740,8,0.999989,NO
10741,3,0.000004,NO
10742,1,0.000000,NO
10743,3,0.000109,NO
10744,32,0.999989,NO
10745,6,0.000109,NO
10746,4,0.000109,NO
10747,1,0.070547,NO
10748,3,0.000003,NO
10749,1,0.680000,NO
10750,1,0.000003,NO
10751,4,0.000006,NO
10752,4,0.000004,NO
10753,0,0.000003,NO
10754,1,0.427808,NO
10755,1,0.070547,NO
10756,1,0.070547,NO
10757,4,0.888887,NO
10758,10,0.000022,NO
10759,4,0.000004,NO
10760,0,0.000005,NO
10761,8,0.000011,NO
10762,0,0.000002,NO
10763,1,0.000054,NO
10764,1,0.070547,NO
10765,0,0.000012,NO
10766,0,0.000002,NO
10767,1,0.000000,NO
10768,38,0.000109,NO
10769,5,0.000109,NO
10770,1,0.000005,NO
10771,15,0.000054,NO
10772,0,0.000001,NO
10773,1,0.000001,NO
10774,16,0.000109,NO
10775,4,0.000010,NO
10776,4,0.666664,NO
10777,0,0.000002,NO
10778,1,0.000000,NO
10779,0,0.000006,NO
10780,46,0.000109,NO
10781,4,0.000109,NO
10782,0,0.000003,NO
10783,3,0.000109,NO
10784,2,0.294119,NO
10785,0,0.000002,NO
10786,3,0.000005,NO
10787,1,0.000001,NO
10788,1,0.000000,NO
10789,5,0.000016,NO
10790,17,0.000109,NO
10791,1,0.000000,NO
10792,1,0.680000,NO
10793,10,0.000109,NO
10794,1,0.126183,NO
10795,6,0.000006,NO
10796,3,0.000003,NO
10797,1,0.021882,NO
10798,2,0.000004,NO
10799,5,0.000036,NO
10800,2,0.000109,NO
10801,12,0.000054,NO
10802,1,0.000000,NO
10803,0,0.000001,NO
10804,1,0.070547,NO
10805,0,0.000002,NO
10806,1,0.000000,NO
10807,28,0.999989,NO
10808,0,0.000003,NO
10809,0,0.000054,NO
10810,1,0.021882,NO
10811,1,0.000027,NO
10812,0,0.000001,NO
10813,0,0.000001,NO
10814,12,0.000109,NO
10815,7,0.000009,NO
10816,7,0.000036,NO
10817,1,0.000000,NO
10818,8,0.000109,NO
10819,0,0.000027,NO
10820,1,0.126183,NO
10821,1,0.000001,NO
10822,1,0.021882,NO
10823,1,0.000011,NO
10824,2,0.500000,NO
10825,4,0.000014,NO
10826,1,0.000011,NO
10827,15,0.000109,NO
10828,1,0.000018,NO
10829,3,0.000022,NO
10830,3,0.000109,NO
10831,4,0.000054,NO
10832,0,0.000001,NO
10833,26,0.000109,NO
10834,1,0.680000,NO
10835,2,0.294119,NO
10836,1,0.000109,NO
10837,2,0.270272,NO
10838,1,0.650406,NO
10839,3,0.400001,NO
10840,1,0.680000,NO
10841,11,0.000054,NO
10842,1,0.000016,NO
10843,12,0.000109,NO
10844,3,0.000005,NO
10845,1,0.000000,NO
10846,4,0.000109,NO
10847,0,0.000002,NO
10848,0,0.000002,NO
10849,1,0.021882,NO
10850,0,0.000005,NO
10851,23,0.000109,NO
10852,1,0.000109,NO
10853,2,0.000012,NO
10854,11,0.999989,NO
10855,12,0.000109,NO
10856,0,0.000001,NO
10857,2,0.000109,NO
10858,1,0.000109,NO
10859,1,0.000000,NO
10860,6,0.000054,NO
10861,0,0.000109,NO
10862,2,0.000027,NO
10863,1,0.000005,NO
10864,17,0.000109,NO
10865,1,0.000054,NO
10866,6,0.000109,NO
10867,3,0.000005,NO
10868,1,0.999989,NO
10869,1,0.000036,NO
10870,1,0.000000,NO
10871,1,0.000000,NO
10872,4,0.000022,NO
10873,1,0.000005,NO
10874,1,0.126183,NO
10875,1,0.000000,NO
10876,14,0.000109,NO
10877,1,0.126183,NO
10878,14,0.000109,NO
10879,4,0.000109,NO
10880,4,0.000022,NO
10881,6,0.000016,NO
10882,6,0.000109,NO
10883,1,0.000109,NO
10884,4,0.000004,NO
10885,1,0.680000,NO
10886,27,0.000109,NO
10887,6,0.000005,NO
10888,1,0.126183,NO
10889,4,0.000022,NO
10890,4,0.000006,NO
10891,2,0.270272,NO
10892,10,0.000109,NO
10893,4,0.526315,NO
10894,10,0.000022,NO
10895,1,0.000000,NO
10896,8,0.000109,NO
10897,1,0.680000,NO
10898,15,0.000109,NO
10899,0,0.000002,NO
10900,4,0.000011,NO
10901,1,0.000018,NO
10902,1,0.680000,NO
10903,4,0.000054,NO
10904,0,0.000010,NO
10905,1,0.000109,NO
10906,5,0.000027,NO
10907,0,0.000002,NO
10908,28,0.000109,NO
10909,1,0.000005,NO
10910,6,0.000027,NO
10911,3,0.000006,NO
10912,1,0.090091,NO
10913,1,0.126183,NO
10914,27,0.000109,NO
10915,1,0.384616,NO
10916,1,0.000027,NO
10917,0,0.000002,NO
10918,14,0.000109,NO
10919,0,0.000002,NO
10920,25,0.000109,NO
10921,1,0.070547,NO
10922,2,0.000109,NO
10923,13,0.000109,NO
10924,3,0.227274,NO
10925,1,0.000027,NO
10926,22,0.000109,NO
10927,18,0.000054,NO
10928,0,0.000006,NO
10929,1,0.126183,NO
10930,1,0.000001,NO
10931,8,0.000010,NO
10932,1,0.000109,NO
10933,1,0.021882,NO
10934,1,0.000001,NO
10935,1,0.021882,NO
10936,1,0.070547,NO
10937,11,0.999989,NO
10938,23,0.000109,NO
10939,6,0.000006,NO
10940,0,0.000003,NO
10941,0,0.000002,NO
10942,5,0.000012,NO
10943,2,0.000018,NO
10944,2,0.294119,NO
10945,5,0.000109,NO
10946,1,0.427808,NO
10947,23,0.000109,NO
10948,1,0.090091,NO
10949,10,0.000109,NO
10950,0,0.131579,NO
10951,1,0.680000,NO
10952,0,0.000004,NO
10953,2,0.000109,NO
10954,1,0.000036,NO
10955,1,0.650406,NO
10956,1,0.000003,NO
10957,2,0.000008,NO
10958,1,0.000005,NO
10959,11,0.000109,NO
10960,4,0.000109,NO
10961,17,0.000109,NO
10962,2,0.000109,NO
10963,7,0.000009,NO
10964,8,0.000011,NO
10965,8,0.000054,NO
10966,1,0.000000,NO
10967,0,0.000005,NO
10968,4,0.000109,NO
10969,7,0.370371,NO
10970,4,0.000036,NO
10971,1,0.000002,NO
10972,1,0.090091,NO
10973,1,0.680000,NO
10974,0,0.000011,NO
10975,8,0.000109,NO
10976,3,0.000011,NO
10977,14,0.000109,NO
10978,2,0.140846,NO
10979,1,0.000005,NO
10980,3,0.000109,NO
10981,7,0.000009,NO
10982,8,0.000109,NO
10983,3,0.000027,NO
10984,0,0.000001,NO
10985,4,0.000006,NO
10986,1,0.021882,NO
10987,3,0.400001,NO
10988,6,0.000005,NO
10989,1,0.021882,NO
10990,9,0.000022,NO
10991,0,0.000002,NO
10992,0,0.000010,NO
10993,4,0.000004,NO
10994,1,0.021882,NO
10995,3,0.400001,NO
10996,1,0.000005,NO
10997,1,0.427808,NO
10998,3,0.000011,NO
10999,1,0.427808,NO
11000,76,0.000109,NO
11001,7,0.000109,NO
11002,1,0.000000,NO
11003,1,0.000003,NO
11004,14,0.000109,NO
11005,0,0.000001,NO
11006,5,0.000054,NO
11007,8,0.000109,NO
11008,1,0.000016,NO
11009,1,0.000001,NO
11010,0,0.000005,NO
11011,3,0.000054,NO
11012,3,0.000004,NO
11013,37,0.000109,NO
11014,7,0.000005,NO
11015,11,0.000109,NO
11016,10,0.000109,NO
11017,1,0.090091,NO
11018,2,0.000009,NO
11019,0,0.000002,NO
11020,1,0.021882,NO
11021,4,0.000007,NO
11022,2,0.000036,NO
11023,9,0.000109,NO
11024,0,0.000003,NO
11025,3,0.000054,NO
11026,3,0.000006,NO
11027,0,0.000109,NO
11028,1,0.070547,NO
11029,1,0.000000,NO
11030,1,0.000000,NO
11031,5,0.000027,NO
11032,9,0.000109,NO
11033,1,0.126183,NO
11034,1,0.000001,NO
11035,1,0.000000,NO
11036,1,0.000000,NO
11037,1,0.000004,NO
11038,0,0.000002,NO
11039,1,0.000000,NO
11040,8,0.000109,NO
11041,0,0.000004,NO
11042,1,0.070547,NO
11043,0,0.000002,NO
11044,1,0.000027,NO
11045,2,0.000109,NO
11046,1,0.070547,NO
11047,4,0.000054,NO
11048,4,0.000109,NO
11049,15,0.000109,NO
11050,15,0.000109,NO
11051,0,0.000006,NO
11052,3,0.000005,NO
11053,1,0.000000,NO
11054,0,0.000001,NO
11055,2,0.000109,NO
11056,7,0.000109,NO
11057,0,0.000012,NO
11058,1,0.021882,NO
11059,1,0.000001,NO
11060,8,0.000036,NO
11061,1,0.070547,NO
11062,2,0.000054,NO
11063,1,0.000000,NO
11064,27,0.000109,NO
11065,1,0.021882,NO
11066,1,0.000003,NO
11067,6,0.000109,NO
11068,2,0.500000,NO
11069,10,0.000054,NO
11070,30,0.000109,NO
11071,3,0.000054,NO
11072,3,0.000109,NO
11073,24,0.000109,NO
11074,1,0.000001,NO
11075,8,0.000109,NO
11076,10,0.000036,NO
11077,1,0.000001,NO
11078,9,0.000109,NO
11079,1,0.070547,NO
11080,1,0.000002,NO
11081,1,0.000036,NO
11082,10,0.000109,NO
11083,6,0.000109,NO
11084,0,0.000006,NO
11085,3,0.000109,NO
11086,0,0.000002,NO
11087,2,0.000002,NO
11088,8,0.000109,NO
11089,0,0.000001,NO
11090,50,0.000054,NO
11091,10,0.000109,NO
11092,13,0.000109,NO
11093,3,0.000006,NO
11094,1,0.000000,NO
11095,3,0.000109,NO
11096,6,0.000054,NO
11097,4,0.000109,NO
11098,22,0.000109,NO
11099,1,0.000000,NO
11100,9,0.000109,NO
11101,1,0.000018,NO
11102,1,0.000001,NO
11103,20,0.000109,NO
11104,1,0.070547,NO
11105,8,0.000005,NO
11106,1,0.000000,NO
11107,0,0.000001,NO
11108,12,0.000109,NO
11109,15,0.000109,NO
11110,3,0.666664,NO
11111,1,0.000109,NO
11112,10,0.000018,NO
11113,88,0.000109,NO
11114,27,0.000109,NO
11115,6,0.000109,NO
11116,1,0.000000,NO
11117,13,0.000109,NO
11118,9,0.000109,NO
11119,0,0.000010,NO
11120,10,0.000109,NO
11121,2,0.000027,NO
11122,3,0.000004,NO
11123,1,0.000011,NO
11124,9,0.000014,NO
11125,3,0.000010,NO
11126,27,0.000109,NO
11127,6,0.000109,NO
11128,0,0.000002,NO
11129,4,0.000007,NO
11130,7,0.000006,NO
11131,10,0.000109,NO
11132,1,0.021882,NO
11133,14,0.000109,NO
11134,0,0.000003,NO
11135,9,0.000109,NO
11136,0,0.000027,NO
11137,7,0.000109,NO
11138,0,0.000109,NO
11139,0,0.000001,NO
11140,9,0.000109,NO
11141,2,0.000009,NO
11142,1,0.070547,NO
11143,8,0.000109,NO
11144,1,0.000005,NO
11145,1,0.090091,NO
11146,4,0.000036,NO
11147,0,0.000002,NO
11148,1,0.021882,NO
11149,0,0.000001,NO
11150,7,0.000109,NO
11151,9,0.000014,NO
11152,1,0.680000,NO
11153,4,0.000006,NO
11154,4,0.000109,NO
11155,5,0.000109,NO
11156,2,0.000109,NO
11157,3,0.000004,NO
11158,2,0.000002,NO
11159,1,0.000000,NO
11160,13,0.000109,NO
11161,13,0.000109,NO
11162,1,0.126183,NO
11163,4,0.000109,NO
11164,1,0.000003,NO
11165,35,0.000109,NO
11166,6,0.000109,NO
11167,1,0.000000,NO
11168,1,0.000000,NO
11169,1,0.070547,NO
11170,1,0.021882,NO
11171,10,0.000022,NO
11172,1,0.000000,NO
11173,1,0.021882,NO
11174,1,0.000001,NO
11175,11,0.000027,NO
11176,8,0.000054,NO
11177,3,0.000109,NO
11178,0,0.000002,NO
11179,9,0.000054,NO
11180,1,0.070547,NO
11181,3,0.000109,NO
11182,12,0.000054,NO
11183,7,0.370371,NO
11184,1,0.070547,NO
11185,14,0.909083,NO
11186,1,0.000000,NO
11187,35,0.000109,NO
11188,5,0.000054,NO
11189,7,0.000036,NO
11190,8,0.000054,NO
11191,4,0.000006,NO
11192,3,0.000004,NO
11193,0,0.000010,NO
11194,1,0.000001,NO
11195,4,0.000003,NO
11196,1,0.000000,NO
11197,1,0.000002,NO
11198,1,0.000006,NO
11199,1,0.021882,NO
11200,1,0.000000,NO
11201,2,0.000054,NO
11202,1,0.000005,NO
11203,4,0.000004,NO
11204,5,0.000109,NO
11205,9,0.000109,NO
11206,4,0.937497,NO
11207,4,0.000022,NO
11208,1,0.070547,NO
11209,5,0.000109,NO
11210,11,0.000109,NO
11211,1,0.000000,NO
11212,8,0.000011,NO
11213,1,0.070547,NO
11214,2,0.000109,NO
11215,0,0.000002,NO
11216,1,0.000000,NO
11217,8,0.000014,NO
11218,18,0.000109,NO
11219,1,0.000027,NO
11220,1,0.000000,NO
11221,7,0.000054,NO
11222,1,0.000005,NO
11223,4,0.000004,NO
11224,4,0.000008,NO
11225,6,0.000054,NO
11226,16,0.000109,NO
11227,1,0.000000,NO
11228,2,0.000109,NO
11229,3,0.370371,NO
11230,3,0.000027,NO
11231,7,0.000109,NO
11232,1,0.070547,NO
11233,3,0.000054,NO
11234,30,0.000054,NO
11235,0,0.131579,NO
11236,2,0.294119,NO
11237,1,0.126183,NO
11238,6,0.000109,NO
11239,1,0.070547,NO
11240,1,0.000109,NO
11241,0,0.000054,NO
11242,5,0.000054,NO
11243,1,0.000000,NO
11244,4,0.999989,NO
11245,7,0.000054,NO
11246,1,0.021882,NO
11247,1,0.000000,NO
11248,3,0.000027,NO
11249,1,0.000000,NO
11250,6,0.000054,NO
11251,5,0.000109,NO
11252,2,0.714285,NO
11253,10,0.000109,NO
11254,2,0.000004,NO
11255,1,0.021882,NO
11256,1,0.000002,NO
11257,2,0.000002,NO
11258,18,0.999989,NO
11259,5,0.000109,NO
11260,1,0.680000,NO
11261,5,0.000054,NO
11262,1,0.000002,NO
11263,1,0.021882,NO
11264,1,0.000011,NO
11265,1,0.000000,NO
11266,3,0.000109,NO
11267,18,0.000109,NO
11268,3,0.000109,NO
11269,1,0.070547,NO
11270,10,0.999989,NO
11271,3,0.000109,NO
11272,0,0.000002,NO
11273,1,0.000054,NO
11274,2,0.000027,NO
11275,1,0.070547,NO
11276,1,0.021882,NO
11277,1,0.000004,NO
11278,3,0.000005,NO
11279,1,0.000000,NO
11280,0,0.000001,NO
11281,4,0.000008,NO
11282,1,0.070547,NO
11283,1,0.000018,NO
11284,1,0.000000,NO
11285,1,0.364964,NO
11286,1,0.680000,NO
11287,3,0.000005,NO
11288,7,0.000109,NO
11289,1,0.070547,NO
11290,1,0.126183,NO
11291,0,0.000008,NO
11292,27,0.999989,NO
11293,1,0.070547,NO
11294,4,0.000007,NO
11295,1,0.021882,NO
11296,1,0.000000,NO
11297,0,0.000005,NO
11298,6,0.000109,NO
11299,0,0.000003,NO
11300,0,0.000002,NO
11301,1,0.000000,NO
11302,1,0.000027,NO
11303,0,0.000001,NO
11304,1,0.021882,NO
11305,1,0.427808,NO
11306,10,0.000027,NO
11307,1,0.680000,NO
11308,25,0.000109,NO
11309,7,0.000109,NO
11310,1,0.000000,NO
11311,0,0.000012,NO
11312,5,0.000109,NO
11313,0,0.000002,NO
11314,1,0.000000,NO
11315,21,0.999989,NO
11316,3,0.454546,NO
11317,1,0.680000,NO
11318,0,0.000002,NO
11319,1,0.000001,NO
11320,16,0.000109,NO
11321,23,0.999989,NO
11322,31,0.000109,NO
11323,14,0.000109,NO
11324,2,0.000109,NO
11325,3,0.000004,NO
11326,4,0.000008,NO
11327,1,0.090091,NO
11328,0,0.131579,NO
11329,1,0.364964,NO
11330,15,0.000109,NO
11331,1,0.650406,NO
11332,0,0.000002,NO
11333,0,0.000005,NO
11334,7,0.000109,NO
11335,1,0.090091,NO
11336,2,0.000007,NO
11337,1,0.070547,NO
11338,0,0.000003,NO
11339,13,0.000109,NO
11340,7,0.000054,NO
11341,1,0.000000,NO
11342,30,0.000109,NO
11343,0,0.000008,NO
11344,21,0.000109,NO
11345,1,0.070547,NO
11346,8,0.000014,NO
11347,13,0.000109,NO
11348,4,0.000014,NO
11349,7,0.000006,NO
11350,1,0.126183,NO
11351,12,0.000109,NO
11352,1,0.000005,NO
11353,0,0.000002,NO
11354,1,0.000001,NO
11355,25,0.000109,NO
11356,1,0.021882,NO
11357,19,0.000109,NO
11358,8,0.000054,NO
11359,1,0.021882,NO
11360,0,0.000002,NO
11361,1,0.070547,NO
11362,6,0.000006,NO
11363,9,0.000109,NO
11364,1,0.000005,NO
11365,1,0.070547,NO
11366,7,0.000027,NO
11367,5,0.000027,NO
11368,16,0.000109,NO
11369,4,0.000018,NO
11370,1,0.000000,NO
11371,1,0.680000,NO
11372,1,0.000000,NO
11373,1,0.000002,NO
11374,7,0.000014,NO
11375,22,0.000109,NO
11376,6,0.000054,NO
11377,0,0.000003,NO
11378,4,0.000109,NO
11379,3,0.000109,NO
11380,0,0.000022,NO
11381,22,0.000109,NO
11382,1,0.364964,NO
11383,2,0.000109,NO
11384,1,0.364964,NO
11385,1,0.000000,NO
11386,6,0.000016,NO
11387,1,0.021882,NO
11388,32,0.000109,NO
11389,0,0.000002,NO
11390,6,0.943395,NO
11391,2,0.000008,NO
11392,2,0.000109,NO
11393,1,0.714282,NO
11394,5,0.000109,NO
11395,1,0.000000,NO
11396,0,0.000002,NO
11397,28,0.000109,NO
11398,0,0.000002,NO
11399,0,0.000001,NO
11400,4,0.000004,NO
11401,0,0.000002,NO
11402,1,0.000000,NO
11403,1,0.126183,NO
11404,1,0.000000,NO
11405,7,0.000036,NO
11406,1,0.070547,NO
11407,5,0.000109,NO
11408,0,0.000003,NO
11409,11,0.000109,NO
11410,1,0.000001,NO
11411,0,0.000007,NO
11412,1,0.070547,NO
11413,0,0.000003,NO
11414,4,0.000016,NO
11415,4,0.000054,NO
11416,1,0.021882,NO
11417,1,0.126183,NO
11418,10,0.000109,NO
11419,1,0.070547,NO
11420,1,0.070547,NO
11421,8,0.000109,NO
11422,10,0.000109,NO
11423,2,0.714285,NO
11424,5,0.000109,NO
11425,4,0.000036,NO
11426,3,0.000006,NO
11427,0,0.000002,NO
11428,1,0.312501,NO
11429,0,0.000002,NO
11430,1,0.000000,NO
11431,8,0.000054,NO
11432,13,0.000109,NO
11433,1,0.000109,NO
11434,1,0.021882,NO
11435,4,0.666664,NO
11436,2,0.000109,NO
11437,25,0.000109,NO
11438,4,0.000004,NO
11439,3,0.000004,NO
11440,2,0.000003,NO
11441,1,0.090091,NO
11442,9,0.000014,NO
11443,5,0.000008,NO
11444,3,0.000109,NO
11445,0,0.131579,NO
11446,9,0.000027,NO
11447,0,0.000003,NO
11448,4,0.000003,NO
11449,1,0.090091,NO
11450,25,0.000109,NO
11451,1,0.000001,NO
11452,0,0.000002,NO
11453,0,0.000002,NO
11454,3,0.000005,NO
11455,1,0.000000,NO
11456,1,0.070547,NO
11457,20,0.000109,NO
11458,9,0.000054,NO
11459,3,0.000036,NO
11460,4,0.714282,NO
11461,6,0.000007,NO
11462,1,0.000109,NO
11463,5,0.000109,NO
11464,1,0.000109,NO
11465,1,0.126183,NO
11466,24,0.000109,NO
11467,0,0.000005,NO
11468,11,0.000109,NO
11469,6,0.000027,NO
11470,1,0.070547,NO
11471,6,0.000005,NO
11472,9,0.000109,NO
11473,14,0.000109,NO
11474,1,0.680000,NO
11475,1,0.070547,NO
11476,4,0.000109,NO
11477,9,0.000036,NO
11478,2,0.000109,NO
11479,4,0.000004,NO
11480,1,0.680000,NO
11481,1,0.000000,NO
11482,16,0.000109,NO
11483,1,0.000000,NO
11484,8,0.000036,NO
11485,1,0.021882,NO
11486,10,0.000109,NO
11487,4,0.000008,NO
11488,1,0.000006,NO
11489,4,0.000003,NO
11490,3,0.000109,NO
11491,1,0.021882,NO
11492,1,0.000054,NO
11493,11,0.000109,NO
11494,10,0.000027,NO
11495,10,0.000036,NO
11496,1,0.384616,NO
11497,0,0.000002,NO
11498,0,0.000001,NO
11499,0,0.999989,NO
11500,1,0.126183,NO
11501,2,0.000002,NO
11502,1,0.000010,NO
11503,3,0.000003,NO
11504,9,0.000109,NO
11505,0,0.000002,NO
11506,4,0.000004,NO
11507,6,0.370371,NO
11508,1,0.000000,NO
11509,0,0.000002,NO
11510,1,0.384616,NO
11511,0,0.000003,NO
11512,0,0.131579,NO
11513,2,0.000009,NO
11514,0,0.131579,NO
11515,1,0.000002,NO
11516,0,0.000002,NO
11517,1,0.021882,NO
11518,4,0.000054,NO
11519,2,0.000007,NO
11520,1,0.021882,NO
11521,3,0.000022,NO
11522,5,0.000109,NO
11523,1,0.000109,NO
11524,2,0.769226,NO
11525,15,0.000109,NO
11526,0,0.000002,NO
11527,1,0.021882,NO
11528,1,0.090091,NO
11529,0,0.000002,NO
11530,14,0.000109,NO
11531,8,0.000036,NO
11532,1,0.000018,NO
11533,4,0.000109,NO
11534,0,0.000002,NO
11535,8,0.000109,NO
11536,0,0.000012,NO
11537,7,0.000109,NO
11538,1,0.427808,NO
11539,1,0.000109,NO
11540,5,0.000005,NO
11541,0,0.000002,NO
11542,1,0.000005,NO
11543,5,0.000054,NO
11544,0,0.000001,NO
11545,1,0.070547,NO
11546,0,0.000010,NO
11547,3,0.000109,NO
11548,1,0.070547,NO
11549,1,0.364964,NO
11550,14,0.000109,NO
11551,1,0.021882,NO
11552,5,0.909083,NO
11553,1,0.000000,NO
11554,5,0.000109,NO
11555,0,0.000002,NO
11556,1,0.000000,NO
11557,3,0.000027,NO
11558,14,0.000109,NO
11559,8,0.000005,NO
11560,1,0.427808,NO
11561,16,0.000054,NO
11562,1,0.021882,NO
11563,1,0.000000,NO
11564,6,0.000054,NO
11565,3,0.227274,NO
11566,4,0.666664,NO
11567,10,0.000109,NO
11568,1,0.070547,NO
11569,7,0.000012,NO
11570,3,0.500000,NO
11571,7,0.000109,NO
11572,7,0.000054,NO
11573,1,0.000011,NO
11574,4,0.888887,NO
11575,1,0.427808,NO
11576,0,0.000008,NO
11577,4,0.000004,NO
11578,33,0.000109,NO
11579,4,0.000018,NO
11580,2,0.000003,NO
11581,1,0.021882,NO
11582,3,0.000109,NO
11583,1,0.000011,NO
11584,2,0.000054,NO
11585,0,0.000012,NO
11586,27,0.000109,NO
11587,1,0.000036,NO
11588,1,0.000005,NO
11589,1,0.000018,NO
11590,3,0.000109,NO
11591,4,0.000004,NO
11592,0,0.000022,NO
11593,4,0.000054,NO
11594,1,0.000000,NO
11595,10,0.999989,NO
11596,7,0.000005,NO
11597,2,0.000008,NO
11598,1,0.126183,NO
11599,1,0.021882,NO
11600,0,0.000002,NO
11601,1,0.000001,NO
11602,1,0.000000,NO
11603,1,0.000000,NO
11604,16,0.000109,NO
11605,3,0.000109,NO
11606,1,0.000054,NO
11607,11,0.000109,NO
11608,7,0.000109,NO
11609,4,0.000006,NO
11610,11,0.000109,NO
11611,2,0.000018,NO
11612,10,0.000109,NO
11613,1,0.000002,NO
11614,4,0.000036,NO
11615,1,0.000054,NO
11616,1,0.000005,NO
11617,1,0.070547,NO
11618,0,0.000109,NO
11619,1,0.000005,NO
11620,1,0.000001,NO
11621,2,0.294119,NO
11622,5,0.000109,NO
11623,32,0.000109,NO
11624,10,0.000109,NO
11625,10,0.000109,NO
11626,0,0.000109,NO
11627,0,0.000002,NO
11628,50,0.000109,NO
11629,0,0.000003,NO
11630,30,0.000109,NO
11631,4,0.000004,NO
11632,0,0.000005,NO
11633,1,0.021882,NO
11634,1,0.021882,NO
11635,9,0.000022,NO
11636,1,0.000000,NO
11637,1,0.000000,NO
11638,30,0.999989,NO
11639,7,0.000006,NO
11640,1,0.000000,NO
11641,4,0.000004,NO
11642,3,0.000109,NO
11643,1,0.021882,NO
11644,3,0.400001,NO
11645,1,0.070547,NO
11646,0,0.000005,NO
11647,0,0.131579,NO
11648,8,0.000036,NO
11649,0,0.000006,NO
11650,6,0.370371,NO
11651,4,0.000004,NO
11652,1,0.364964,NO
11653,1,0.021882,NO
11654,13,0.000054,NO
11655,1,0.070547,NO
11656,2,0.000027,NO
11657,20,0.999989,NO
11658,1,0.000000,NO
11659,1,0.000000,NO
11660,8,0.000109,NO
11661,23,0.000109,NO
11662,11,0.000109,NO
11663,4,0.000008,NO
11664,1,0.000000,NO
11665,18,0.000109,NO
11666,2,0.000036,NO
11667,8,0.000016,NO
11668,0,0.000007,NO
11669,1,0.000018,NO
11670,1,0.126183,NO
11671,1,0.000005,NO
11672,0,0.000002,NO
11673,2,0.000007,NO
11674,18,0.000109,NO
11675,7,0.000109,NO
11676,1,0.364964,NO
11677,12,0.000109,NO
11678,7,0.000005,NO
11679,1,0.000008,NO
11680,0,0.000007,NO
11681,64,0.000109,NO
11682,9,0.000014,NO
11683,1,0.000010,NO
11684,0,0.000002,NO
11685,0,0.000007,NO
11686,7,0.000009,NO
11687,0,0.000001,NO
11688,1,0.000000,NO
11689,1,0.070547,NO
11690,22,0.999989,NO
11691,4,0.000008,NO
11692,6,0.000109,NO
11693,4,0.000036,NO
11694,1,0.364964,NO
11695,0,0.000002,NO
11696,1,0.680000,NO
11697,15,0.000109,NO
11698,41,0.000109,NO
11699,3,0.000054,NO
11700,1,0.000003,NO
11701,6,0.000006,NO
11702,1,0.000000,NO
11703,0,0.000001,NO
11704,1,0.000005,NO
11705,1,0.021882,NO
11706,13,0.909083,NO
11707,12,0.999989,NO
11708,7,0.000054,NO
11709,4,0.000006,NO
11710,1,0.070547,NO
11711,27,0.000109,NO
11712,9,0.000014,NO
11713,2,0.000018,NO
11714,8,0.999989,NO
11715,52,0.000109,NO
11716,17,0.000109,NO
11717,0,0.000004,NO
11718,21,0.000109,NO
11719,1,0.000000,NO
11720,0,0.000109,NO
11721,1,0.070547,NO
11722,1,0.000109,NO
11723,7,0.000012,NO
11724,4,0.000109,NO
11725,1,0.070547,NO
11726,0,0.000002,NO
11727,0,0.131579,NO
11728,1,0.000000,NO
11729,3,0.999989,NO
11730,2,0.000109,NO
11731,8,0.000036,NO
11732,15,0.000109,NO
11733,8,0.000016,NO
11734,4,0.999989,NO
11735,15,0.000109,NO
11736,43,0.000109,YES
11737,9,0.000109,YES
11738,17,0.999989,YES
11739,6,0.909083,YES
11740,30,0.000109,YES
11741,0,0.000109,YES
11742,8,0.000109,YES
11743,14,0.000109,YES
11744,7,0.909083,YES
11745,1,0.384616,YES
11746,5,0.952380,YES
11747,12,0.000109,YES
11748,0,0.999989,YES
11749,1,0.070547,YES
11750,15,0.000109,YES
11751,38,0.999989,YES
11752,5,0.952380,YES
11753,1,0.999989,YES
11754,1,0.021882,YES
11755,2,0.689654,YES
11756,13,0.000109,YES
11757,1,0.909083,YES
11758,27,0.000109,YES
11759,4,0.888887,YES
11760,51,0.000109,YES
11761,3,0.982658,YES
11762,1,0.680000,YES
11763,4,0.000109,YES
11764,5,0.000027,YES
11765,5,0.952380,YES
11766,3,0.961538,YES
11767,10,0.000109,YES
11768,5,0.999989,YES
11769,11,0.000109,YES
11770,29,0.000109,YES
11771,3,0.961538,YES
11772,57,0.999989,YES
11773,1,0.680000,YES
11774,4,0.888887,YES
11775,1,0.680000,YES
11776,25,0.999989,YES
11777,5,0.000109,YES
11778,1,0.680000,YES
11779,13,0.000109,YES
11780,13,0.000109,YES
11781,24,0.999989,YES
11782,24,0.999989,YES
11783,15,0.000054,YES
11784,6,0.943395,YES
11785,14,0.999989,YES
11786,2,0.000012,YES
11787,4,0.526315,YES
11788,39,0.000109,YES
11789,3,0.961538,YES
11790,1,0.126183,YES
11791,28,0.000109,YES
11792,6,0.943395,YES
11793,5,0.952380,YES
11794,9,0.000109,YES
11795,3,0.666664,YES
11796,4,0.999989,YES
11797,45,0.000109,YES
11798,6,0.943395,YES
11799,14,0.909083,YES
11800,12,0.999989,YES
11801,16,0.000109,YES
11802,10,0.000054,YES
11803,49,0.999989,YES
11804,3,0.961538,YES
11805,17,0.000109,YES
11806,7,0.000109,YES
11807,31,0.000109,YES
11808,9,0.000054,YES
11809,0,0.134229,NO
11810,1,0.000000,NO
11811,7,0.999989,NO
11812,1,0.042105,NO
11813,7,0.000109,NO
11814,11,0.999989,NO
11815,1,0.068847,NO
11816,3,0.000005,NO
11817,1,0.068847,NO
11818,13,0.000109,NO
11819,1,0.151976,NO
11820,2,0.000109,NO
11821,0,0.000011,NO
11822,1,0.042105,NO
11823,1,0.000000,NO
11824,11,0.000109,NO
11825,6,0.000054,NO
11826,3,0.344829,NO
11827,8,0.000109,NO
11828,8,0.000109,NO
11829,0,0.000003,NO
11830,1,0.000000,NO
11831,1,0.000002,NO
11832,3,0.000109,NO
11833,1,0.395480,NO
11834,13,0.000109,NO
11835,1,0.042105,NO
11836,1,0.068847,NO
11837,1,0.068847,NO
11838,0,0.000005,NO
11839,1,0.000022,NO
11840,4,0.000008,NO
11841,1,0.000109,NO
11842,7,0.000109,NO
11843,7,0.000016,NO
11844,0,0.000002,NO
11845,1,0.000036,NO
11846,3,0.000054,NO
11847,1,0.681342,NO
11848,1,0.042105,NO
11849,28,0.000109,NO
11850,33,0.000109,NO
11851,7,0.000007,NO
11852,1,0.042105,NO
11853,0,0.000001,NO
11854,8,0.833327,NO
11855,4,0.000018,NO
11856,2,0.555555,NO
11857,1,0.000109,NO
11858,1,0.000000,NO
11859,1,0.000016,NO
11860,1,0.042105,NO
11861,8,0.000010,NO
11862,1,0.068847,NO
11863,1,0.000001,NO
11864,1,0.042105,NO
11865,1,0.000027,NO
11866,4,0.000008,NO
11867,0,0.000036,NO
11868,1,0.000000,NO
11869,1,0.151976,NO
11870,19,0.000109,NO
11871,4,0.000036,NO
11872,26,0.000109,NO
11873,11,0.999989,NO
11874,0,0.000001,NO
11875,32,0.000109,NO
11876,1,0.068847,NO
11877,1,0.344829,NO
11878,1,0.151976,NO
11879,6,0.000014,NO
11880,7,0.000109,NO
11881,14,0.999989,NO
11882,0,0.000003,NO
11883,0,0.134229,NO
11884,17,0.000109,NO
11885,4,0.000016,NO
11886,3,0.000005,NO
11887,8,0.000054,NO
11888,11,0.000109,NO
11889,0,0.000002,NO
11890,4,0.769226,NO
11891,1,0.000001,NO
11892,1,0.068847,NO
11893,6,0.000109,NO
11894,1,0.151976,NO
11895,7,0.000109,NO
11896,0,0.000002,NO
11897,10,0.000016,NO
11898,1,0.000000,NO
11899,1,0.042105,NO
11900,1,0.000001,NO
11901,1,0.000007,NO
11902,17,0.000109,NO
11903,1,0.068847,NO
11904,1,0.000000,NO
11905,7,0.000005,NO
11906,0,0.000003,NO
11907,1,0.087720,NO
11908,0,0.000003,NO
11909,1,0.000003,NO
11910,0,0.000003,NO
11911,1,0.000004,NO
11912,1,0.395480,NO
11913,0,0.000003,NO
11914,8,0.000036,NO
11915,2,0.000054,NO
11916,1,0.395480,NO
11917,1,0.000016,NO
11918,4,0.000027,NO
11919,10,0.000109,NO
11920,1,0.151976,NO
11921,1,0.000003,NO
11922,0,0.000001,NO
11923,0,0.000006,NO
11924,6,0.000109,NO
11925,8,0.000109,NO
11926,3,0.833330,NO
11927,31,0.000109,NO
11928,0,0.000008,NO
11929,17,0.000109,NO
11930,5,0.000109,NO
11931,1,0.000000,NO
11932,11,0.000109,NO
11933,7,0.000109,NO
11934,1,0.068847,NO
11935,1,0.042105,NO
11936,19,0.000109,NO
11937,2,0.000036,NO
11938,4,0.000027,NO
11939,5,0.000109,NO
11940,1,0.151976,NO
11941,1,0.681342,NO
11942,2,0.000004,NO
11943,4,0.000012,NO
11944,2,0.000016,NO
11945,6,0.000036,NO
11946,2,0.740739,NO
11947,0,0.000005,NO
11948,0,0.000001,NO
11949,1,0.000001,NO
11950,0,0.000002,NO
11951,0,0.000006,NO
11952,0,0.000002,NO
11953,1,0.681342,NO
11954,2,0.000002,NO
11955,4,0.000109,NO
11956,24,0.999989,NO
11957,0,0.000005,NO
11958,39,0.000109,NO
11959,64,0.000054,NO
11960,1,0.151976,NO
11961,1,0.068847,NO
11962,3,0.227274,NO
11963,8,0.000109,NO
11964,2,0.000012,NO
11965,0,0.000002,NO
11966,2,0.999995,NO
11967,0,0.000006,NO
11968,0,0.134229,NO
11969,4,0.714284,NO
11970,30,0.000054,NO
11971,27,0.000109,NO
11972,30,0.000109,NO
11973,1,0.151976,NO
11974,0,0.000001,NO
11975,14,0.000109,NO
11976,0,0.000007,NO
11977,6,0.000006,NO
11978,6,0.000007,NO
11979,18,0.000109,NO
11980,1,0.000007,NO
11981,1,0.322581,NO
11982,3,0.000109,NO
11983,3,0.000109,NO
11984,0,0.000002,NO
11985,3,0.526316,NO
11986,5,0.000016,NO
11987,42,0.000109,NO
11988,5,0.000109,NO
11989,9,0.000054,NO
11990,3,0.000109,NO
11991,0,0.000003,NO
11992,25,0.000109,NO
11993,7,0.000109,NO
11994,0,0.000003,NO
11995,1,0.395480,NO
11996,2,0.000109,NO
11997,0,0.000001,NO
11998,1,0.681342,NO
11999,1,0.344829,NO
12000,1,0.000027,NO
12001,35,0.000109,NO
12002,1,0.151976,NO
12003,28,0.000109,NO
12004,1,0.151976,NO
12005,6,0.000006,NO
12006,6,0.000054,NO
12007,4,0.999989,NO
12008,1,0.068847,NO
12009,7,0.000109,NO
12010,0,0.000003,NO
12011,11,0.000036,NO
12012,2,0.000002,NO
12013,1,0.000016,NO
12014,19,0.000109,NO
12015,4,0.000018,NO
12016,1,0.389611,NO
12017,3,0.000027,NO
12018,6,0.000054,NO
12019,1,0.000027,NO
12020,16,0.000054,NO
12021,3,0.000109,NO
12022,1,0.000000,NO
12023,4,0.000006,NO
12024,2,0.000002,NO
12025,1,0.000002,NO
12026,0,0.000002,NO
12027,0,0.000008,NO
12028,8,0.000109,NO
12029,4,0.000016,NO
12030,4,0.000003,NO
12031,3,0.000109,NO
12032,10,0.000016,NO
12033,2,0.000109,NO
12034,10,0.000109,NO
12035,49,0.000109,NO
12036,9,0.000109,NO
12037,5,0.000109,NO
12038,1,0.000003,NO
12039,7,0.000036,NO
12040,10,0.000054,NO
12041,1,0.666664,NO
12042,0,0.000001,NO
12043,0,0.000001,NO
12044,1,0.068847,NO
12045,11,0.000036,NO
12046,0,0.000054,NO
12047,0,0.000006,NO
12048,1,0.151976,NO
12049,0,0.000002,NO
12050,7,0.000054,NO
12051,4,0.624998,NO
12052,27,0.000109,NO
12053,5,0.000109,NO
12054,1,0.042105,NO
12055,0,0.000002,NO
12056,0,0.000001,NO
12057,6,0.000109,NO
12058,0,0.000007,NO
12059,1,0.068847,NO
12060,1,0.000004,NO
12061,0,0.000109,NO
12062,6,0.000109,NO
12063,2,0.555555,NO
12064,0,0.000003,NO
12065,1,0.068847,NO
12066,1,0.000011,NO
12067,8,0.000109,NO
12068,8,0.000036,NO
12069,13,0.999989,NO
12070,0,0.000003,NO
12071,1,0.000000,NO
12072,1,0.151976,NO
12073,1,0.151976,NO
12074,0,0.000003,NO
12075,9,0.000016,NO
12076,16,0.999989,NO
12077,7,0.000005,NO
12078,1,0.606060,NO
12079,33,0.000109,NO
12080,2,0.000109,NO
12081,0,0.000005,NO
12082,1,0.000001,NO
12083,6,0.000005,NO
12084,4,0.000109,NO
12085,1,0.151976,NO
12086,1,0.000002,NO
12087,1,0.042105,NO
12088,2,0.909087,NO
12089,5,0.000109,NO
12090,1,0.000001,NO
12091,6,0.000022,NO
12092,8,0.000014,NO
12093,1,0.042105,NO
12094,8,0.000006,NO
12095,0,0.000002,NO
12096,1,0.000000,NO
12097,1,0.681342,NO
12098,1,0.000036,NO
12099,6,0.000109,NO
12100,11,0.000109,NO
12101,8,0.000006,NO
12102,1,0.000003,NO
12103,5,0.000008,NO
12104,12,0.000109,NO
12105,1,0.151976,NO
12106,8,0.000109,NO
12107,4,0.000007,NO
12108,1,0.000109,NO
12109,0,0.000002,NO
12110,1,0.681342,NO
12111,3,0.000005,NO
12112,1,0.000109,NO
12113,2,0.000007,NO
12114,1,0.042105,NO
12115,1,0.000000,NO
12116,3,0.000054,NO
12117,1,0.389611,NO
12118,0,0.000002,NO
12119,3,0.000004,NO
12120,1,0.000000,NO
12121,2,0.000109,NO
12122,9,0.000109,NO
12123,0,0.000002,NO
12124,1,0.681342,NO
12125,3,0.000005,NO
12126,0,0.000001,NO
12127,1,0.000000,NO
12128,1,0.000001,NO
12129,6,0.000109,NO
12130,1,0.000000,NO
12131,0,0.000006,NO
12132,6,0.000006,NO
12133,1,0.000005,NO
12134,0,0.000001,NO
12135,0,0.000003,NO
12136,2,0.000002,NO
12137,1,0.000003,NO
12138,18,0.000109,NO
12139,1,0.000000,NO
12140,1,0.000027,NO
12141,4,0.000109,NO
12142,5,0.000109,NO
12143,1,0.000001,NO
12144,14,0.000109,NO
12145,0,0.000001,NO
12146,23,0.000109,NO
12147,1,0.000109,NO
12148,8,0.000036,NO
12149,36,0.000109,NO
12150,14,0.000109,NO
12151,9,0.000109,NO
12152,4,0.714284,NO
12153,3,0.000004,NO
12154,1,0.000001,NO
12155,6,0.000006,NO
12156,13,0.000109,NO
12157,6,0.000007,NO
12158,1,0.395480,NO
12159,10,0.000022,NO
12160,11,0.000109,NO
12161,4,0.000004,NO
12162,1,0.000109,NO
12163,1,0.068847,NO
12164,1,0.151976,NO
12165,10,0.999989,NO
12166,5,0.000109,NO
12167,17,0.000109,NO
12168,3,0.526316,NO
12169,1,0.000001,NO
12170,1,0.042105,NO
12171,34,0.999989,NO
12172,12,0.000109,NO
12173,24,0.000109,NO
12174,6,0.000006,NO
12175,5,0.000109,NO
12176,1,0.000003,NO
12177,10,0.000109,NO
12178,7,0.000027,NO
12179,1,0.000054,NO
12180,1,0.322581,NO
12181,1,0.000000,NO
12182,3,0.000011,NO
12183,10,0.000109,NO
12184,0,0.000010,NO
12185,8,0.000109,NO
12186,1,0.000001,NO
12187,2,0.000002,NO
12188,13,0.000109,NO
12189,0,0.000008,NO
12190,1,0.000002,NO
12191,1,0.068847,NO
12192,15,0.000109,NO
12193,12,0.000109,NO
12194,7,0.000014,NO
12195,4,0.000109,NO
12196,2,0.000003,NO
12197,12,0.000109,NO
12198,8,0.000109,NO
12199,1,0.395480,NO
12200,1,0.000000,NO
12201,0,0.000004,NO
12202,0,0.000003,NO
12203,0,0.134229,NO
12204,0,0.000003,NO
12205,4,0.000003,NO
12206,1,0.068847,NO
12207,1,0.000001,NO
12208,1,0.068847,NO
12209,4,0.000109,NO
12210,1,0.000109,NO
12211,1,0.000000,NO
12212,1,0.000000,NO
12213,1,0.000022,NO
12214,6,0.000006,NO
12215,9,0.000109,NO
12216,1,0.042105,NO
12217,2,0.000004,NO
12218,0,0.000002,NO
12219,4,0.000006,NO
12220,19,0.000109,NO
12221,1,0.000000,NO
12222,1,0.000018,NO
12223,0,0.000002,NO
12224,13,0.000109,NO
12225,8,0.000006,NO
12226,6,0.000006,NO
12227,0,0.000007,NO
12228,0,0.000002,NO
12229,0,0.000003,NO
12230,10,0.000109,NO
12231,2,0.000002,NO
12232,8,0.000006,NO
12233,2,0.000036,NO
12234,4,0.000004,NO
12235,1,0.000109,NO
12236,1,0.000010,NO
12237,0,0.000109,NO
12238,4,0.000027,NO
12239,1,0.000002,NO
12240,1,0.068847,NO
12241,11,0.000109,NO
12242,2,0.000036,NO
12243,4,0.000018,NO
12244,6,0.000054,NO
12245,14,0.000109,NO
12246,0,0.000008,NO
12247,10,0.000109,NO
12248,1,0.681342,NO
12249,1,0.000109,NO
12250,0,0.000001,NO
12251,1,0.000005,NO
12252,1,0.000001,NO
12253,27,0.000109,NO
12254,4,0.000004,NO
12255,1,0.000000,NO
12256,1,0.151976,NO
12257,1,0.000109,NO
12258,2,0.000008,NO
12259,17,0.000109,NO
12260,6,0.000005,NO
12261,6,0.000007,NO
12262,1,0.000001,NO
12263,1,0.042105,NO
12264,9,0.000012,NO
12265,1,0.681342,NO
12266,5,0.000109,NO
12267,1,0.681342,NO
12268,18,0.000054,NO
12269,18,0.999989,NO
12270,0,0.000001,NO
12271,9,0.999989,NO
12272,4,0.000109,NO
12273,2,0.000109,NO
12274,1,0.000000,NO
12275,1,0.042105,NO
12276,0,0.000002,NO
12277,4,0.000054,NO
12278,1,0.000109,NO
12279,1,0.000001,NO
12280,1,0.068847,NO
12281,1,0.068847,NO
12282,5,0.000109,NO
12283,1,0.000001,NO
12284,2,0.000109,NO
12285,10,0.000036,NO
12286,0,0.000001,NO
12287,1,0.068847,NO
12288,44,0.000109,NO
12289,1,0.681342,NO
12290,7,0.000109,NO
12291,0,0.000003,NO
12292,0,0.000003,NO
12293,2,0.000054,NO
12294,22,0.999989,NO
12295,1,0.395480,NO
12296,2,0.714282,NO
12297,1,0.068847,NO
12298,1,0.042105,NO
12299,1,0.151976,NO
12300,3,0.000027,NO
12301,1,0.000001,NO
12302,0,0.000005,NO
12303,5,0.000054,NO
12304,1,0.000109,NO
12305,1,0.042105,NO
12306,1,0.000001,NO
12307,1,0.606060,NO
12308,8,0.000014,NO
12309,1,0.000000,NO
12310,1,0.000001,NO
12311,16,0.000109,NO
12312,0,0.000010,NO
12313,1,0.000001,NO
12314,7,0.000012,NO
12315,5,0.000109,NO
12316,1,0.395480,NO
12317,4,0.624998,NO
12318,0,0.000008,NO
12319,1,0.042105,NO
12320,1,0.000036,NO
12321,2,0.000006,NO
12322,3,0.000022,NO
12323,5,0.000109,NO
12324,6,0.000016,NO
12325,1,0.000054,NO
12326,7,0.000109,NO
12327,1,0.000018,NO
12328,18,0.000109,NO
12329,4,0.000008,NO
12330,6,0.000005,NO
12331,8,0.000014,NO
12332,9,0.000010,NO
12333,11,0.000109,NO
12334,1,0.681342,NO
12335,12,0.000109,NO
12336,7,0.000005,NO
12337,13,0.000109,NO
12338,1,0.000000,NO
12339,17,0.000109,NO
12340,4,0.000109,NO
12341,5,0.000109,NO
12342,4,0.000006,NO
12343,3,0.714282,NO
12344,1,0.042105,NO
12345,41,0.000109,NO
12346,8,0.000006,NO
12347,9,0.000109,NO
12348,3,0.000109,NO
12349,0,0.000001,NO
12350,2,0.000010,NO
12351,1,0.068847,NO
12352,30,0.000109,NO
12353,2,0.000109,NO
12354,3,0.000109,NO
12355,2,0.000004,NO
12356,1,0.000010,NO
12357,1,0.000000,NO
12358,5,0.000054,NO
12359,0,0.000001,NO
12360,1,0.322581,NO
12361,1,0.000004,NO
12362,9,0.000109,NO
12363,1,0.322581,NO
12364,8,0.000054,NO
12365,1,0.322581,NO
12366,7,0.000027,NO
12367,2,0.416667,NO
12368,2,0.955056,NO
12369,0,0.134229,NO
12370,1,0.087720,NO
12371,0,0.000005,NO
12372,0,0.000001,NO
12373,9,0.000027,NO
12374,2,0.416667,NO
12375,12,0.000109,NO
12376,5,0.000109,NO
12377,2,0.000010,NO
12378,1,0.681342,NO
12379,1,0.000027,NO
12380,0,0.000003,NO
12381,1,0.068847,NO
12382,8,0.000006,NO
12383,5,0.000109,NO
12384,1,0.042105,NO
12385,4,0.000016,NO
12386,53,0.000109,NO
12387,1,0.000000,NO
12388,5,0.000109,NO
12389,1,0.000000,NO
12390,16,0.000109,NO
12391,6,0.000109,NO
12392,4,0.000008,NO
12393,1,0.000000,NO
12394,3,0.000005,NO
12395,2,0.000003,NO
12396,7,0.000005,NO
12397,1,0.000000,NO
12398,0,0.000003,NO
12399,1,0.000001,NO
12400,16,0.000109,NO
12401,19,0.999989,NO
12402,1,0.000002,NO
12403,25,0.999989,NO
12404,1,0.000000,NO
12405,1,0.000000,NO
12406,9,0.999989,NO
12407,1,0.000000,NO
12408,3,0.000109,NO
12409,2,0.000054,NO
12410,1,0.000109,NO
12411,2,0.000012,NO
12412,7,0.000109,NO
12413,27,0.000109,NO
12414,1,0.606060,NO
12415,1,0.068847,NO
12416,3,0.000109,NO
12417,1,0.087720,NO
12418,3,0.000003,NO
12419,7,0.909083,NO
12420,0,0.000003,NO
12421,2,0.000002,NO
12422,1,0.681342,NO
12423,19,0.000109,NO
12424,1,0.000109,NO
12425,25,0.000109,NO
12426,8,0.000109,NO
12427,6,0.000027,NO
12428,3,0.987654,NO
12429,8,0.000006,NO
12430,2,0.000012,NO
12431,4,0.000109,NO
12432,3,0.000011,NO
12433,4,0.000018,NO
12434,0,0.000004,NO
12435,12,0.000054,NO
12436,0,0.000003,NO
12437,8,0.000109,NO
12438,9,0.000018,NO
12439,1,0.042105,NO
12440,10,0.999989,NO
12441,29,0.000109,NO
12442,1,0.042105,NO
12443,2,0.000036,NO
12444,13,0.000109,NO
12445,1,0.068847,NO
12446,0,0.000002,NO
12447,27,0.000109,NO
12448,15,0.999989,NO
12449,7,0.000109,NO
12450,1,0.681342,NO
12451,1,0.000001,NO
12452,9,0.000109,NO
12453,11,0.000109,NO
12454,9,0.000036,NO
12455,0,0.000006,NO
12456,1,0.042105,NO
12457,1,0.000036,NO
12458,2,0.000006,NO
12459,4,0.000018,NO
12460,1,0.000000,NO
12461,0,0.000002,NO
12462,1,0.681342,NO
12463,7,0.000008,NO
12464,1,0.000000,NO
12465,1,0.681342,NO
12466,1,0.000000,NO
12467,1,0.042105,NO
12468,1,0.322581,NO
12469,1,0.000000,NO
12470,7,0.000007,NO
12471,35,0.000109,NO
12472,1,0.042105,NO
12473,2,0.000002,NO
12474,0,0.000006,NO
12475,1,0.000000,NO
12476,7,0.000005,NO
12477,8,0.000054,NO
12478,5,0.000109,NO
12479,1,0.000000,NO
12480,1,0.151976,NO
12481,1,0.042105,NO
12482,13,0.000109,NO
12483,1,0.000002,NO
12484,4,0.000109,NO
12485,1,0.322581,NO
12486,6,0.000054,NO
12487,4,0.000109,NO
12488,1,0.000000,NO
12489,0,0.000004,NO
12490,0,0.000001,NO
12491,5,0.000109,NO
12492,5,0.000027,NO
12493,0,0.000006,NO
12494,1,0.068847,NO
12495,2,0.740739,NO
12496,24,0.000109,NO
12497,4,0.000006,NO
12498,4,0.000027,NO
12499,1,0.000001,NO
12500,5,0.000109,NO
12501,1,0.681342,NO
12502,4,0.895521,NO
12503,1,0.000000,NO
12504,6,0.000054,NO
12505,42,0.000054,NO
12506,0,0.000003,NO
12507,11,0.000054,NO
12508,0,0.000003,NO
12509,8,0.000109,NO
12510,1,0.681342,NO
12511,1,0.000000,NO
12512,2,0.000004,NO
12513,12,0.000109,NO
12514,2,0.000002,NO
12515,6,0.000006,NO
12516,1,0.000001,NO
12517,1,0.042105,NO
12518,5,0.000109,NO
12519,6,0.000006,NO
12520,1,0.000000,NO
12521,2,0.000002,NO
12522,0,0.000007,NO
12523,1,0.606060,NO
12524,0,0.000006,NO
12525,6,0.000054,NO
12526,0,0.000010,NO
12527,1,0.000001,NO
12528,2,0.000002,NO
12529,1,0.000001,NO
12530,8,0.000018,NO
12531,2,0.416667,NO
12532,0,0.000002,NO
12533,5,0.000109,NO
12534,25,0.000109,NO
12535,92,0.000109,NO
12536,8,0.000014,NO
12537,0,0.134229,NO
12538,10,0.000109,NO
12539,3,0.000010,NO
12540,3,0.000005,NO
12541,1,0.000018,NO
12542,1,0.000002,NO
12543,19,0.000109,NO
12544,4,0.000109,NO
12545,1,0.087720,NO
12546,0,0.000003,NO
12547,5,0.000109,NO
12548,0,0.000001,NO
12549,18,0.000109,NO
12550,13,0.000109,NO
12551,1,0.322581,NO
12552,5,0.000109,NO
12553,1,0.042105,NO
12554,42,0.000109,NO
12555,1,0.000000,NO
12556,4,0.000005,NO
12557,1,0.087720,NO
12558,14,0.000109,NO
12559,0,0.000002,NO
12560,2,0.000002,NO
12561,1,0.042105,NO
12562,2,0.000003,NO
12563,29,0.000109,NO
12564,4,0.000027,NO
12565,1,0.000004,NO
12566,1,0.000011,NO
12567,0,0.000001,NO
12568,1,0.000000,NO
12569,4,0.000012,NO
12570,0,0.000002,NO
12571,1,0.068847,NO
12572,26,0.000109,NO
12573,1,0.000000,NO
12574,6,0.000109,NO
12575,4,0.000036,NO
12576,10,0.000109,NO
12577,2,0.000010,NO
12578,3,0.000109,NO
12579,5,0.000109,NO
12580,3,0.370371,NO
12581,2,0.000054,NO
12582,6,0.000005,NO
12583,0,0.000007,NO
12584,0,0.000002,NO
12585,1,0.087720,NO
12586,8,0.999989,NO
12587,0,0.000054,NO
12588,1,0.389611,NO
12589,0,0.000008,NO
12590,5,0.000109,NO
12591,6,0.000109,NO
12592,11,0.999989,NO
12593,3,0.000006,NO
12594,1,0.000001,NO
12595,1,0.000000,NO
12596,0,0.000001,NO
12597,0,0.000007,NO
12598,21,0.000109,NO
12599,4,0.000054,NO
12600,1,0.068847,NO
12601,4,0.000109,NO
12602,4,0.999989,NO
12603,4,0.000022,NO
12604,1,0.042105,NO
12605,1,0.000000,NO
12606,1,0.000000,NO
12607,1,0.151976,NO
12608,3,0.526316,NO
12609,3,0.000006,NO
12610,0,0.000005,NO
12611,42,0.000109,NO
12612,4,0.000008,NO
12613,1,0.322581,NO
12614,2,0.000018,NO
12615,1,0.000005,NO
12616,4,0.000005,NO
12617,9,0.000014,NO
12618,5,0.714282,NO
12619,7,0.000036,NO
12620,5,0.000109,NO
12621,1,0.000054,NO
12622,8,0.000006,NO
12623,5,0.000054,NO
12624,22,0.000109,NO
12625,39,0.000109,NO
12626,0,0.000001,NO
12627,10,0.000036,NO
12628,1,0.000000,NO
12629,1,0.000054,NO
12630,1,0.151976,NO
12631,1,0.395480,NO
12632,5,0.000109,NO
12633,1,0.068847,NO
12634,2,0.000002,NO
12635,1,0.000001,NO
12636,5,0.000054,NO
12637,3,0.000054,NO
12638,1,0.068847,NO
12639,1,0.000000,NO
12640,4,0.000018,NO
12641,1,0.395480,NO
12642,1,0.000054,NO
12643,7,0.000006,NO
12644,1,0.681342,NO
12645,6,0.000054,NO
12646,1,0.395480,NO
12647,0,0.000003,NO
12648,3,0.000003,NO
12649,7,0.000007,NO
12650,1,0.681342,NO
12651,5,0.000054,NO
12652,6,0.000109,NO
12653,3,0.000010,NO
12654,1,0.681342,NO
12655,8,0.000109,NO
12656,2,0.000109,NO
12657,14,0.000109,NO
12658,0,0.000027,NO
12659,1,0.000001,NO
12660,0,0.000109,NO
12661,4,0.000008,NO
12662,1,0.000001,NO
12663,1,0.000000,NO
12664,0,0.000007,NO
12665,1,0.042105,NO
12666,14,0.000109,NO
12667,1,0.681342,NO
12668,4,0.000005,NO
12669,4,0.000007,NO
12670,8,0.000018,NO
12671,2,0.000002,NO
12672,3,0.526316,NO
12673,1,0.000000,NO
12674,26,0.000109,NO
12675,5,0.000054,NO
12676,10,0.000022,NO
12677,0,0.000003,NO
12678,3,0.000109,NO
12679,7,0.000007,NO
12680,1,0.000000,NO
12681,3,0.000005,NO
12682,6,0.000109,NO
12683,7,0.000014,NO
12684,1,0.068847,NO
12685,1,0.068847,NO
12686,1,0.068847,NO
12687,4,0.000004,NO
12688,1,0.000011,NO
12689,3,0.000109,NO
12690,2,0.000018,NO
12691,10,0.000109,NO
12692,0,0.000002,NO
12693,9,0.000109,NO
12694,2,0.000009,NO
12695,15,0.000109,NO
12696,12,0.000109,NO
12697,8,0.000109,NO
12698,5,0.000109,NO
12699,4,0.000018,NO
12700,1,0.042105,NO
12701,4,0.000004,NO
12702,1,0.068847,NO
12703,28,0.000109,NO
12704,4,0.000003,NO
12705,4,0.000003,NO
12706,13,0.000109,NO
12707,2,0.000004,NO
12708,1,0.000001,NO
12709,1,0.000036,NO
12710,0,0.000003,NO
12711,0,0.000001,NO
12712,1,0.681342,NO
12713,1,0.000000,NO
12714,1,0.681342,NO
12715,0,0.000002,NO
12716,33,0.000109,NO
12717,1,0.068847,NO
12718,1,0.000001,NO
12719,1,0.042105,NO
12720,1,0.087720,NO
12721,1,0.000109,NO
12722,10,0.000022,NO
12723,7,0.000109,NO
12724,10,0.000109,NO
12725,2,0.000109,NO
12726,1,0.000010,NO
12727,2,0.270272,NO
12728,0,0.000003,NO
12729,4,0.000016,NO
12730,1,0.068847,NO
12731,4,0.000054,NO
12732,7,0.000109,NO
12733,1,0.042105,NO
12734,1,0.042105,NO
12735,0,0.000001,NO
12736,0,0.000022,NO
12737,4,0.000109,NO
12738,7,0.000036,NO
12739,0,0.000002,NO
12740,1,0.000001,NO
12741,12,0.000109,NO
12742,1,0.000001,NO
12743,1,0.395480,NO
12744,39,0.000109,NO
12745,0,0.000002,NO
12746,9,0.000109,NO
12747,1,0.681342,NO
12748,3,0.000005,NO
12749,1,0.042105,NO
12750,0,0.000002,NO
12751,0,0.000054,NO
12752,1,0.000000,NO
12753,0,0.000002,NO
12754,5,0.000109,NO
12755,1,0.068847,NO
12756,9,0.000109,NO
12757,1,0.000000,NO
12758,1,0.000000,NO
12759,4,0.000005,NO
12760,8,0.000018,NO
12761,25,0.000109,NO
12762,1,0.068847,NO
12763,0,0.000109,NO
12764,21,0.000109,NO
12765,19,0.000109,NO
12766,1,0.681342,NO
12767,0,0.000008,NO
12768,0,0.000001,NO
12769,1,0.000001,NO
12770,50,0.000109,NO
12771,16,0.000109,NO
12772,0,0.134229,NO
12773,5,0.000010,NO
12774,0,0.000109,NO
12775,6,0.000109,NO
12776,1,0.000001,NO
12777,1,0.000000,NO
12778,8,0.000016,NO
12779,18,0.000109,NO
12780,7,0.000036,NO
12781,0,0.000001,NO
12782,27,0.000109,NO
12783,16,0.000109,NO
12784,1,0.000000,NO
12785,2,0.000006,NO
12786,1,0.151976,NO
12787,2,0.000002,NO
12788,3,0.000005,NO
12789,17,0.000109,NO
12790,13,0.000109,NO
12791,1,0.000005,NO
12792,1,0.000011,NO
12793,1,0.087720,NO
12794,0,0.000003,NO
12795,0,0.134229,NO
12796,0,0.000003,NO
12797,0,0.000109,NO
12798,2,0.869562,NO
12799,1,0.042105,NO
12800,0,0.134229,NO
12801,0,0.000001,NO
12802,37,0.000109,NO
12803,3,0.000109,NO
12804,0,0.000002,NO
12805,15,0.000054,NO
12806,1,0.000007,NO
12807,0,0.000003,NO
12808,6,0.000016,NO
12809,12,0.000109,NO
12810,10,0.000054,NO
12811,7,0.000054,NO
12812,1,0.151976,NO
12813,0,0.000002,NO
12814,5,0.000109,NO
12815,5,0.000109,NO
12816,13,0.000109,NO
12817,1,0.681342,NO
12818,5,0.000109,NO
12819,3,0.000054,NO
12820,1,0.000000,NO
12821,1,0.000054,NO
12822,0,0.134229,NO
12823,1,0.068847,NO
12824,1,0.000054,NO
12825,2,0.000002,NO
12826,0,0.000003,NO
12827,15,0.000109,NO
12828,0,0.000008,NO
12829,6,0.370371,NO
12830,1,0.042105,NO
12831,0,0.134229,NO
12832,3,0.000003,NO
12833,3,0.000005,NO
12834,1,0.000036,NO
12835,4,0.000008,NO
12836,4,0.000022,NO
12837,0,0.000002,NO
12838,12,0.000109,NO
12839,1,0.322581,NO
12840,4,0.000003,NO
12841,4,0.000005,NO
12842,7,0.000036,NO
12843,0,0.000008,NO
12844,9,0.000014,NO
12845,0,0.000003,NO
12846,6,0.000109,NO
12847,1,0.322581,NO
12848,1,0.681342,NO
12849,7,0.000109,NO
12850,1,0.000054,NO
12851,1,0.681342,NO
12852,1,0.681342,NO
12853,4,0.000006,NO
12854,1,0.000109,NO
12855,8,0.000054,NO
12856,7,0.909083,NO
12857,9,0.000054,NO
12858,3,0.000022,NO
12859,1,0.000001,NO
12860,13,0.000054,NO
12861,10,0.000109,NO
12862,0,0.000002,NO
12863,1,0.000011,NO
12864,2,0.701754,NO
12865,1,0.681342,NO
12866,3,0.000027,NO
12867,1,0.000054,NO
12868,2,0.000012,NO
12869,23,0.000109,NO
12870,9,0.000109,NO
12871,4,0.000036,NO
12872,1,0.000000,NO
12873,1,0.681342,NO
12874,6,0.000054,NO
12875,1,0.000000,NO
12876,0,0.000006,NO
12877,1,0.000000,NO
12878,1,0.042105,NO
12879,10,0.000022,NO
12880,2,0.000004,NO
12881,1,0.042105,NO
12882,1,0.000000,NO
12883,1,0.000000,NO
12884,6,0.000027,NO
12885,0,0.000005,NO
12886,7,0.000009,NO
12887,41,0.000109,NO
12888,3,0.000006,NO
12889,14,0.000109,NO
12890,2,0.000054,NO
12891,7,0.000006,NO
12892,3,0.000005,NO
12893,1,0.000054,NO
12894,1,0.000000,NO
12895,4,0.000109,NO
12896,4,0.000109,NO
12897,2,0.000054,NO
12898,8,0.000109,NO
12899,17,0.000109,NO
12900,1,0.322581,NO
12901,8,0.000036,NO
12902,11,0.000109,NO
12903,0,0.000027,NO
12904,1,0.000000,NO
12905,6,0.000006,NO
12906,13,0.000109,NO
12907,23,0.000109,NO
12908,1,0.000000,NO
12909,0,0.000002,NO
12910,1,0.042105,NO
12911,1,0.000000,NO
12912,0,0.000005,NO
12913,3,0.000005,NO
12914,1,0.151976,NO
12915,0,0.134229,NO
12916,13,0.999995,NO
12917,1,0.000000,NO
12918,1,0.042105,NO
12919,2,0.000054,NO
12920,1,0.681342,NO
12921,1,0.000000,NO
12922,1,0.042105,NO
12923,7,0.000109,NO
12924,6,0.000109,NO
12925,1,0.042105,NO
12926,0,0.000001,NO
12927,0,0.000002,NO
12928,1,0.042105,NO
12929,4,0.000016,NO
12930,0,0.000006,NO
12931,27,0.000109,NO
12932,0,0.000003,NO
12933,1,0.068847,NO
12934,14,0.000109,NO
12935,15,0.000109,NO
12936,0,0.000001,NO
12937,2,0.000109,NO
12938,1,0.000003,NO
12939,1,0.389611,NO
12940,7,0.000109,NO
12941,8,0.000109,NO
12942,10,0.999989,NO
12943,0,0.000002,NO
12944,0,0.000109,NO
12945,17,0.000109,NO
12946,1,0.000036,NO
12947,1,0.042105,NO
12948,0,0.000003,NO
12949,0,0.000002,NO
12950,5,0.000010,NO
12951,0,0.000004,NO
12952,0,0.000002,NO
12953,1,0.000000,NO
12954,6,0.000109,NO
12955,0,0.000054,NO
12956,11,0.000054,NO
12957,1,0.000018,NO
12958,0,0.000005,NO
12959,1,0.681342,NO
12960,1,0.000027,NO
12961,17,0.000109,NO
12962,1,0.042105,NO
12963,0,0.000002,NO
12964,1,0.344829,NO
12965,1,0.000000,NO
12966,1,0.000002,NO
12967,12,0.000109,NO
12968,0,0.000002,NO
12969,8,0.000054,NO
12970,14,0.000109,NO
12971,10,0.000109,NO
12972,1,0.000027,NO
12973,1,0.000027,NO
12974,35,0.000109,NO
12975,0,0.000010,NO
12976,4,0.999989,NO
12977,3,0.000027,NO
12978,4,0.000003,NO
12979,1,0.000000,NO
12980,8,0.000014,NO
12981,19,0.999989,NO
12982,11,0.999989,NO
12983,5,0.000036,NO
12984,0,0.000003,NO
12985,0,0.000003,NO
12986,2,0.000012,NO
12987,2,0.000009,NO
12988,1,0.042105,NO
12989,1,0.606060,NO
12990,1,0.000001,NO
12991,1,0.087720,NO
12992,1,0.000011,NO
12993,1,0.000001,NO
12994,0,0.134229,NO
12995,1,0.681342,NO
12996,9,0.000054,NO
12997,1,0.606060,NO
12998,1,0.068847,NO
12999,17,0.000109,NO
13000,1,0.000027,NO
13001,1,0.000000,NO
13002,3,0.000109,NO
13003,1,0.042105,NO
13004,38,0.000109,NO
13005,1,0.068847,NO
13006,1,0.681342,NO
13007,3,0.000006,NO
13008,1,0.042105,NO
13009,1,0.042105,NO
13010,1,0.151976,NO
13011,0,0.000008,NO
13012,1,0.000000,NO
13013,4,0.000109,NO
13014,1,0.344829,NO
13015,1,0.042105,NO
13016,0,0.000002,NO
13017,1,0.000001,NO
13018,7,0.000007,NO
13019,4,0.000036,NO
13020,1,0.042105,NO
13021,1,0.087720,NO
13022,1,0.000000,NO
13023,1,0.000000,NO
13024,1,0.000000,NO
13025,1,0.068847,NO
13026,4,0.000004,NO
13027,1,0.000003,NO
13028,17,0.000109,NO
13029,0,0.000003,NO
13030,2,0.000009,NO
13031,4,0.000004,NO
13032,16,0.000109,NO
13033,7,0.000109,NO
13034,0,0.000002,NO
13035,1,0.042105,NO
13036,15,0.000109,NO
13037,0,0.000006,NO
13038,4,0.000109,NO
13039,1,0.068847,NO
13040,1,0.681342,NO
13041,10,0.000109,NO
13042,10,0.000109,NO
13043,7,0.000009,NO
13044,1,0.000000,NO
13045,1,0.000001,NO
13046,8,0.000109,NO
13047,0,0.000008,NO
13048,7,0.000014,NO
13049,1,0.389611,NO
13050,14,0.000109,NO
13051,11,0.000109,NO
13052,3,0.000109,NO
13053,31,0.000109,NO
13054,15,0.000109,NO
13055,5,0.000005,NO
13056,1,0.000000,NO
13057,1,0.000001,NO
13058,4,0.000027,NO
13059,0,0.000001,NO
13060,30,0.000109,NO
13061,6,0.000006,NO
13062,1,0.000022,NO
13063,1,0.151976,NO
13064,2,0.000010,NO
13065,1,0.681342,NO
13066,0,0.000003,NO
13067,5,0.000022,NO
13068,9,0.000109,NO
13069,8,0.000109,NO
13070,5,0.000109,NO
13071,1,0.000000,NO
13072,1,0.151976,NO
13073,39,0.000109,NO
13074,0,0.000003,NO
13075,4,0.000109,NO
13076,1,0.000001,NO
13077,1,0.068847,NO
13078,0,0.000002,NO
13079,1,0.000010,NO
13080,0,0.000001,NO
13081,16,0.000109,NO
13082,0,0.000002,NO
13083,1,0.000012,NO
13084,0,0.000003,NO
13085,6,0.000006,NO
13086,24,0.000109,NO
13087,0,0.000002,NO
13088,0,0.000008,NO
13089,2,0.000003,NO
13090,15,0.000109,NO
13091,3,0.000006,NO
13092,6,0.000027,NO
13093,1,0.068847,NO
13094,1,0.068847,NO
13095,2,0.000004,NO
13096,4,0.000004,NO
13097,98,0.000109,NO
13098,34,0.000109,NO
13099,1,0.000000,NO
13100,0,0.000005,NO
13101,1,0.000000,NO
13102,1,0.087720,NO
13103,5,0.000109,NO
13104,1,0.000001,NO
13105,1,0.151976,NO
13106,2,0.000007,NO
13107,2,0.270272,NO
13108,16,0.000109,NO
13109,0,0.000010,NO
13110,2,0.000036,NO
13111,3,0.227274,NO
13112,4,0.000008,NO
13113,42,0.000109,NO
13114,1,0.000109,NO
13115,34,0.000109,NO
13116,0,0.000006,NO
13117,0,0.000001,NO
13118,1,0.000001,NO
13119,6,0.000109,NO
13120,1,0.068847,NO
13121,4,0.000027,NO
13122,1,0.068847,NO
13123,0,0.000001,NO
13124,5,0.000054,NO
13125,4,0.000109,NO
13126,1,0.000000,NO
13127,0,0.000003,NO
13128,2,0.000010,NO
13129,1,0.000003,NO
13130,6,0.000109,NO
13131,13,0.000109,NO
13132,2,0.000002,NO
13133,1,0.151976,NO
13134,18,0.999989,NO
13135,9,0.000109,NO
13136,1,0.000018,NO
13137,1,0.000001,NO
13138,3,0.000005,NO
13139,5,0.714282,NO
13140,4,0.000010,NO
13141,4,0.000004,NO
13142,2,0.000002,NO
13143,1,0.042105,NO
13144,1,0.000001,NO
13145,0,0.000006,NO
13146,9,0.000109,NO
13147,2,0.000109,NO
13148,2,0.000002,NO
13149,1,0.151976,NO
13150,0,0.000004,NO
13151,8,0.000014,NO
13152,4,0.000022,NO
13153,2,0.000002,NO
13154,34,0.000109,NO
13155,6,0.943395,NO
13156,10,0.000109,NO
13157,1,0.151976,NO
13158,2,0.454546,NO
13159,1,0.000000,NO
13160,1,0.000001,NO
13161,0,0.000001,NO
13162,1,0.000001,NO
13163,4,0.000008,NO
13164,4,0.999989,NO
13165,26,0.000109,NO
13166,1,0.068847,NO
13167,6,0.000014,NO
13168,1,0.068847,NO
13169,2,0.000002,NO
13170,13,0.000109,NO
13171,8,0.000109,NO
13172,4,0.000036,NO
13173,25,0.000109,NO
13174,9,0.000109,NO
13175,9,0.000036,NO
13176,8,0.000014,NO
13177,5,0.000008,NO
13178,8,0.000109,NO
13179,1,0.068847,NO
13180,1,0.000004,NO
13181,1,0.681342,NO
13182,1,0.068847,NO
13183,1,0.681342,NO
13184,0,0.000001,NO
13185,22,0.000109,NO
13186,0,0.000004,NO
13187,1,0.322581,NO
13188,0,0.000109,NO
13189,3,0.000005,NO
13190,2,0.000000,NO
13191,6,0.000036,NO
13192,8,0.000109,NO
13193,6,0.000109,NO
13194,2,0.000109,NO
13195,4,0.000109,NO
13196,1,0.681342,NO
13197,4,0.000012,NO
13198,23,0.999989,NO
13199,10,0.000109,NO
13200,1,0.000001,NO
13201,6,0.370371,NO
13202,6,0.000006,NO
13203,0,0.000011,NO
13204,3,0.000109,NO
13205,1,0.606060,NO
13206,13,0.000054,NO
13207,2,0.000002,NO
13208,1,0.068847,NO
13209,8,0.000109,NO
13210,21,0.000109,NO
13211,2,0.000109,NO
13212,53,0.000109,YES
13213,16,0.999989,YES
13214,25,0.999989,YES
13215,24,0.000109,YES
13216,1,0.681342,YES
13217,27,0.000109,YES
13218,11,0.000109,YES
13219,18,0.999989,YES
13220,5,0.000005,YES
13221,1,0.606060,YES
13222,18,0.000109,YES
13223,0,0.000005,YES
13224,8,0.000109,YES
13225,41,0.000109,YES
13226,5,0.955056,YES
13227,22,0.000109,YES
13228,2,0.000004,YES
13229,2,0.999989,YES
13230,1,0.681342,YES
13231,28,0.000109,YES
13232,1,0.681342,YES
13233,1,0.068847,YES
13234,29,0.000109,YES
13235,1,0.681342,YES
13236,23,0.999989,YES
13237,12,0.000109,YES
13238,1,0.322581,YES
13239,22,0.000109,YES
13240,6,0.000109,YES
13241,1,0.681342,YES
13242,5,0.955056,YES
13243,30,0.000109,YES
13244,6,0.943395,YES
13245,1,0.395480,YES
13246,2,0.740739,YES
13247,6,0.943395,YES
13248,1,0.681342,YES
13249,13,0.000109,YES
13250,11,0.000109,YES
13251,19,0.000109,YES
13252,9,0.000109,YES
13253,3,0.987654,YES
13254,50,0.999989,YES
13255,5,0.955056,YES
13256,17,0.000109,YES
13257,25,0.000054,YES
13258,43,0.999989,YES
13259,26,0.000109,YES
13260,23,0.000109,YES
13261,18,0.000109,YES
13262,15,0.999989,YES
13263,1,0.681342,YES
13264,12,0.000109,YES
13265,2,0.000002,YES
13266,1,0.606060,YES
13267,10,0.000109,YES
13268,8,0.000109,YES
13269,1,0.389611,YES
13270,3,0.000054,YES
13271,19,0.000109,YES
13272,6,0.943395,YES
13273,16,0.000109,YES
13274,3,0.964285,YES
13275,3,0.964285,YES
13276,11,0.000109,YES
13277,17,0.000109,YES
13278,3,0.987654,YES
13279,11,0.000109,YES
13280,14,0.000109,YES
13281,53,0.000109,YES
13282,7,0.000109,YES
13283,18,0.999989,YES
13284,11,0.000054,YES
13285,4,0.000109,NO
13286,3,0.256412,NO
13287,9,0.000036,NO
13288,5,0.000007,NO
13289,4,0.000005,NO
13290,1,0.000000,NO
13291,1,0.000000,NO
13292,1,0.000005,NO
13293,1,0.307693,NO
13294,7,0.000054,NO
13295,1,0.041237,NO
13296,1,0.000001,NO
13297,0,0.000002,NO
13298,14,0.000109,NO
13299,1,0.391062,NO
13300,4,0.000036,NO
13301,2,0.000005,NO
13302,1,0.000011,NO
13303,10,0.000109,NO
13304,49,0.000109,NO
13305,10,0.000109,NO
13306,1,0.000000,NO
13307,7,0.000109,NO
13308,5,0.000109,NO
13309,0,0.000109,NO
13310,0,0.141845,NO
13311,0,0.000002,NO
13312,6,0.000006,NO
13313,0,0.000009,NO
13314,10,0.000109,NO
13315,19,0.000109,NO
13316,1,0.000109,NO
13317,0,0.000109,NO
13318,3,0.000003,NO
13319,0,0.000109,NO
13320,0,0.000003,NO
13321,11,0.000109,NO
13322,1,0.000016,NO
13323,1,0.389611,NO
13324,1,0.000003,NO
13325,5,0.000016,NO
13326,2,0.606060,NO
13327,16,0.000109,NO
13328,1,0.000002,NO
13329,9,0.000018,NO
13330,8,0.000011,NO
13331,0,0.000054,NO
13332,44,0.000109,NO
13333,7,0.000109,NO
13334,0,0.000002,NO
13335,1,0.000000,NO
13336,4,0.000007,NO
13337,4,0.000054,NO
13338,0,0.000003,NO
13339,4,0.000003,NO
13340,15,0.000109,NO
13341,0,0.000009,NO
13342,1,0.681818,NO
13343,9,0.000109,NO
13344,10,0.999989,NO
13345,1,0.000001,NO
13346,4,0.000027,NO
13347,1,0.357144,NO
13348,9,0.000109,NO
13349,0,0.000008,NO
13350,1,0.088184,NO
13351,1,0.000001,NO
13352,4,0.000036,NO
13353,5,0.000109,NO
13354,0,0.000002,NO
13355,1,0.000109,NO
13356,3,0.000003,NO
13357,2,0.000008,NO
13358,3,0.000054,NO
13359,4,0.000008,NO
13360,1,0.000016,NO
13361,3,0.000027,NO
13362,0,0.000001,NO
13363,0,0.000109,NO
13364,6,0.000007,NO
13365,0,0.000001,NO
13366,1,0.088184,NO
13367,10,0.909083,NO
13368,0,0.000001,NO
13369,0,0.000002,NO
13370,1,0.150603,NO
13371,5,0.000016,NO
13372,1,0.000002,NO
13373,1,0.000016,NO
13374,1,0.000003,NO
13375,1,0.000001,NO
13376,0,0.000003,NO
13377,9,0.000109,NO
13378,10,0.000014,NO
13379,5,0.000109,NO
13380,1,0.150603,NO
13381,2,0.142858,NO
13382,9,0.000018,NO
13383,1,0.000000,NO
13384,44,0.000109,NO
13385,0,0.000001,NO
13386,1,0.681818,NO
13387,6,0.000109,NO
13388,13,0.000109,NO
13389,0,0.000002,NO
13390,1,0.000000,NO
13391,1,0.000109,NO
13392,2,0.000109,NO
13393,1,0.088184,NO
13394,1,0.000027,NO
13395,5,0.000109,NO
13396,1,0.088184,NO
13397,7,0.000109,NO
13398,13,0.000109,NO
13399,10,0.000109,NO
13400,0,0.000002,NO
13401,20,0.000109,NO
13402,17,0.999989,NO
13403,1,0.000003,NO
13404,5,0.000012,NO
13405,3,0.000109,NO
13406,5,0.000109,NO
13407,1,0.000011,NO
13408,13,0.000109,NO
13409,64,0.999989,NO
13410,1,0.000000,NO
13411,2,0.000109,NO
13412,1,0.041237,NO
13413,6,0.000109,NO
13414,16,0.000109,NO
13415,4,0.000003,NO
13416,7,0.000036,NO
13417,108,0.999989,NO
13418,0,0.000002,NO
13419,14,0.000109,NO
13420,2,0.000109,NO
13421,0,0.141845,NO
13422,24,0.000109,NO
13423,22,0.000109,NO
13424,44,0.000109,NO
13425,1,0.000016,NO
13426,1,0.000001,NO
13427,37,0.999989,NO
13428,1,0.150603,NO
13429,7,0.000109,NO
13430,8,0.000109,NO
13431,3,0.400001,NO
13432,25,0.000109,NO
13433,0,0.000003,NO
13434,7,0.000109,NO
13435,3,0.799997,NO
13436,4,0.000109,NO
13437,5,0.000109,NO
13438,5,0.000109,NO
13439,7,0.999989,NO
13440,1,0.000001,NO
13441,6,0.000109,NO
13442,4,0.000006,NO
13443,32,0.999989,NO
13444,0,0.141845,NO
13445,0,0.000003,NO
13446,1,0.000000,NO
13447,6,0.000027,NO
13448,1,0.088184,NO
13449,7,0.000005,NO
13450,1,0.041237,NO
13451,0,0.141845,NO
13452,1,0.000000,NO
13453,6,0.000005,NO
13454,4,0.000036,NO
13455,5,0.000109,NO
13456,1,0.000000,NO
13457,1,0.000000,NO
13458,22,0.000109,NO
13459,7,0.000005,NO
13460,1,0.307693,NO
13461,1,0.000001,NO
13462,1,0.681818,NO
13463,0,0.000001,NO
13464,0,0.000022,NO
13465,0,0.000002,NO
13466,1,0.571428,NO
13467,45,0.000109,NO
13468,3,0.000005,NO
13469,1,0.000000,NO
13470,4,0.000007,NO
13471,28,0.000109,NO
13472,6,0.000016,NO
13473,0,0.141845,NO
13474,0,0.000003,NO
13475,0,0.000002,NO
13476,8,0.000054,NO
13477,7,0.000054,NO
13478,5,0.000109,NO
13479,1,0.000004,NO
13480,64,0.000109,NO
13481,0,0.000001,NO
13482,2,0.000109,NO
13483,2,0.000002,NO
13484,13,0.000109,NO
13485,0,0.000001,NO
13486,1,0.000001,NO
13487,1,0.088184,NO
13488,0,0.000001,NO
13489,7,0.000007,NO
13490,2,0.000007,NO
13491,4,0.000109,NO
13492,4,0.000003,NO
13493,1,0.041237,NO
13494,1,0.000000,NO
13495,0,0.000002,NO
13496,8,0.000109,NO
13497,16,0.000109,NO
13498,8,0.000054,NO
13499,1,0.000001,NO
13500,3,0.000004,NO
13501,20,0.000109,NO
13502,1,0.041237,NO
13503,52,0.000109,NO
13504,0,0.000007,NO
13505,5,0.000109,NO
13506,16,0.000109,NO
13507,31,0.000109,NO
13508,10,0.000036,NO
13509,0,0.000002,NO
13510,8,0.000054,NO
13511,5,0.000109,NO
13512,11,0.000109,NO
13513,1,0.000000,NO
13514,1,0.681818,NO
13515,5,0.000109,NO
13516,1,0.357144,NO
13517,11,0.000109,NO
13518,1,0.000000,NO
13519,0,0.000001,NO
13520,1,0.000001,NO
13521,1,0.000001,NO
13522,0,0.000002,NO
13523,1,0.000002,NO
13524,10,0.000036,NO
13525,1,0.088184,NO
13526,4,0.000109,NO
13527,6,0.000006,NO
13528,24,0.999989,NO
13529,1,0.041237,NO
13530,8,0.000006,NO
13531,0,0.000001,NO
13532,1,0.088184,NO
13533,6,0.962962,NO
13534,0,0.000002,NO
13535,5,0.000109,NO
13536,2,0.000002,NO
13537,6,0.000109,NO
13538,8,0.000054,NO
13539,1,0.088184,NO
13540,3,0.000011,NO
13541,0,0.000001,NO
13542,2,0.000004,NO
13543,0,0.000002,NO
13544,0,0.000003,NO
13545,1,0.088184,NO
13546,10,0.000054,NO
13547,0,0.000001,NO
13548,0,0.000054,NO
13549,0,0.000009,NO
13550,13,0.000109,NO
13551,7,0.000054,NO
13552,1,0.000001,NO
13553,0,0.141845,NO
13554,1,0.000018,NO
13555,10,0.000109,NO
13556,1,0.000001,NO
13557,0,0.000002,NO
13558,1,0.000000,NO
13559,7,0.000109,NO
13560,14,0.999989,NO
13561,1,0.000000,NO
13562,1,0.000001,NO
13563,1,0.088184,NO
13564,1,0.041237,NO
13565,3,0.000109,NO
13566,1,0.150603,NO
13567,1,0.681818,NO
13568,3,0.714282,NO
13569,18,0.000109,NO
13570,11,0.000109,NO
13571,1,0.000001,NO
13572,1,0.000109,NO
13573,1,0.000000,NO
13574,11,0.000109,NO
13575,1,0.307693,NO
13576,1,0.307693,NO
13577,1,0.000001,NO
13578,0,0.000001,NO
13579,17,0.000109,NO
13580,1,0.391062,NO
13581,1,0.000000,NO
13582,2,0.000005,NO
13583,4,0.000004,NO
13584,0,0.000109,NO
13585,11,0.000109,NO
13586,1,0.000001,NO
13587,2,0.000010,NO
13588,6,0.000054,NO
13589,1,0.000000,NO
13590,1,0.041237,NO
13591,6,0.000027,NO
13592,32,0.000109,NO
13593,11,0.000109,NO
13594,7,0.000109,NO
13595,8,0.909083,NO
13596,1,0.389611,NO
13597,6,0.000007,NO
13598,0,0.000009,NO
13599,1,0.391062,NO
13600,0,0.141845,NO
13601,1,0.000003,NO
13602,1,0.681818,NO
13603,25,0.000109,NO
13604,1,0.150603,NO
13605,0,0.000005,NO
13606,4,0.000012,NO
13607,3,0.000109,NO
13608,1,0.000010,NO
13609,1,0.150603,NO
13610,1,0.681818,NO
13611,0,0.000002,NO
13612,17,0.000054,NO
13613,53,0.000109,NO
13614,0,0.000054,NO
13615,1,0.088184,NO
13616,5,0.000054,NO
13617,6,0.000109,NO
13618,1,0.681818,NO
13619,0,0.141845,NO
13620,0,0.000002,NO
13621,7,0.000008,NO
13622,1,0.000011,NO
13623,27,0.000109,NO
13624,6,0.000018,NO
13625,2,0.000006,NO
13626,1,0.088184,NO
13627,8,0.000014,NO
13628,3,0.000004,NO
13629,1,0.088184,NO
13630,6,0.999989,NO
13631,2,0.000109,NO
13632,3,0.000005,NO
13633,1,0.000001,NO
13634,3,0.000109,NO
13635,11,0.000109,NO
13636,0,0.141845,NO
13637,7,0.000007,NO
13638,4,0.000006,NO
13639,3,0.000109,NO
13640,1,0.088184,NO
13641,1,0.000000,NO
13642,1,0.681818,NO
13643,1,0.000012,NO
13644,1,0.088184,NO
13645,5,0.000109,NO
13646,7,0.000014,NO
13647,5,0.000008,NO
13648,7,0.000012,NO
13649,1,0.000005,NO
13650,0,0.000002,NO
13651,1,0.041237,NO
13652,15,0.000109,NO
13653,0,0.141845,NO
13654,1,0.041237,NO
13655,0,0.000005,NO
13656,4,0.000014,NO
13657,0,0.000109,NO
13658,2,0.000005,NO
13659,4,0.000003,NO
13660,44,0.000109,NO
13661,1,0.088184,NO
13662,3,0.000022,NO
13663,6,0.000018,NO
13664,1,0.000001,NO
13665,0,0.000002,NO
13666,1,0.000001,NO
13667,8,0.000109,NO
13668,1,0.000001,NO
13669,21,0.000109,NO
13670,7,0.000009,NO
13671,8,0.000109,NO
13672,8,0.000109,NO
13673,0,0.000005,NO
13674,8,0.000109,NO
13675,15,0.000109,NO
13676,15,0.000109,NO
13677,8,0.000109,NO
13678,1,0.000002,NO
13679,1,0.357144,NO
13680,3,0.000027,NO
13681,2,0.000109,NO
13682,2,0.000002,NO
13683,1,0.041237,NO
13684,1,0.000000,NO
13685,1,0.000000,NO
13686,36,0.000109,NO
13687,1,0.000012,NO
13688,4,0.000022,NO
13689,1,0.000000,NO
13690,18,0.000109,NO
13691,4,0.000003,NO
13692,1,0.000109,NO
13693,1,0.000012,NO
13694,11,0.000012,NO
13695,1,0.000001,NO
13696,1,0.150603,NO
13697,22,0.000109,NO
13698,8,0.000109,NO
13699,1,0.150603,NO
13700,1,0.088184,NO
13701,13,0.000109,NO
13702,1,0.000109,NO
13703,0,0.000003,NO
13704,0,0.000010,NO
13705,72,0.000109,NO
13706,1,0.000054,NO
13707,1,0.000000,NO
13708,1,0.000001,NO
13709,0,0.000109,NO
13710,4,0.000003,NO
13711,0,0.000001,NO
13712,10,0.000054,NO
13713,11,0.000109,NO
13714,3,0.000109,NO
13715,1,0.088184,NO
13716,1,0.088184,NO
13717,13,0.000109,NO
13718,4,0.000109,NO
13719,8,0.000109,NO
13720,1,0.000001,NO
13721,1,0.041237,NO
13722,7,0.000109,NO
13723,0,0.000010,NO
13724,1,0.000001,NO
13725,7,0.000109,NO
13726,0,0.000005,NO
13727,2,0.000054,NO
13728,0,0.000003,NO
13729,2,0.606060,NO
13730,1,0.000000,NO
13731,7,0.000005,NO
13732,0,0.000002,NO
13733,1,0.000001,NO
13734,0,0.000002,NO
13735,1,0.000016,NO
13736,2,0.000005,NO
13737,6,0.000054,NO
13738,1,0.000054,NO
13739,1,0.088184,NO
13740,10,0.999989,NO
13741,1,0.000003,NO
13742,1,0.150603,NO
13743,4,0.000003,NO
13744,0,0.000002,NO
13745,0,0.000003,NO
13746,11,0.000054,NO
13747,0,0.000005,NO
13748,0,0.000002,NO
13749,0,0.000002,NO
13750,0,0.000009,NO
13751,3,0.256412,NO
13752,0,0.000002,NO
13753,16,0.000109,NO
13754,2,0.000003,NO
13755,0,0.000003,NO
13756,27,0.000109,NO
13757,0,0.141845,NO
13758,7,0.000109,NO
13759,2,0.000004,NO
13760,2,0.000002,NO
13761,1,0.000009,NO
13762,0,0.141845,NO
13763,4,0.000109,NO
13764,1,0.150603,NO
13765,0,0.000007,NO
13766,1,0.000000,NO
13767,5,0.000109,NO
13768,1,0.000000,NO
13769,4,0.000109,NO
13770,2,0.277779,NO
13771,20,0.000054,NO
13772,37,0.999989,NO
13773,1,0.088184,NO
13774,0,0.000009,NO
13775,0,0.000002,NO
13776,6,0.000007,NO
13777,4,0.000008,NO
13778,4,0.000022,NO
13779,1,0.307693,NO
13780,0,0.000003,NO
13781,1,0.088184,NO
13782,1,0.088184,NO
13783,1,0.088184,NO
13784,1,0.000000,NO
13785,1,0.041237,NO
13786,1,0.088184,NO
13787,0,0.000003,NO
13788,18,0.000109,NO
13789,22,0.000109,NO
13790,21,0.000109,NO
13791,7,0.000109,NO
13792,4,0.909083,NO
13793,6,0.000036,NO
13794,7,0.000005,NO
13795,4,0.000109,NO
13796,4,0.000003,NO
13797,48,0.000109,NO
13798,3,0.000109,NO
13799,4,0.000109,NO
13800,16,0.000109,NO
13801,10,0.000022,NO
13802,1,0.000000,NO
13803,1,0.000001,NO
13804,22,0.000109,NO
13805,7,0.000005,NO
13806,1,0.000027,NO
13807,0,0.000109,NO
13808,1,0.000001,NO
13809,0,0.000003,NO
13810,1,0.681818,NO
13811,1,0.000000,NO
13812,3,0.256412,NO
13813,1,0.000109,NO
13814,4,0.000008,NO
13815,1,0.681818,NO
13816,6,0.000054,NO
13817,2,0.000022,NO
13818,1,0.714282,NO
13819,2,0.000010,NO
13820,5,0.000109,NO
13821,1,0.000000,NO
13822,4,0.000109,NO
13823,2,0.000010,NO
13824,7,0.000007,NO
13825,1,0.088184,NO
13826,14,0.000109,NO
13827,9,0.000109,NO
13828,9,0.000109,NO
13829,1,0.000000,NO
13830,1,0.088184,NO
13831,1,0.000001,NO
13832,1,0.681818,NO
13833,6,0.000005,NO
13834,0,0.000005,NO
13835,0,0.141845,NO
13836,1,0.000004,NO
13837,0,0.000003,NO
13838,0,0.000005,NO
13839,8,0.000109,NO
13840,6,0.000054,NO
13841,4,0.000109,NO
13842,1,0.000011,NO
13843,1,0.000003,NO
13844,0,0.000002,NO
13845,10,0.000109,NO
13846,1,0.000000,NO
13847,7,0.000109,NO
13848,1,0.088184,NO
13849,0,0.000003,NO
13850,6,0.000109,NO
13851,26,0.999989,NO
13852,9,0.000109,NO
13853,16,0.000109,NO
13854,1,0.000000,NO
13855,2,0.000010,NO
13856,10,0.000109,NO
13857,1,0.000010,NO
13858,1,0.088184,NO
13859,1,0.041237,NO
13860,1,0.391062,NO
13861,1,0.000001,NO
13862,0,0.000003,NO
13863,9,0.000109,NO
13864,6,0.000109,NO
13865,1,0.000000,NO
13866,5,0.000054,NO
13867,12,0.000054,NO
13868,12,0.000054,NO
13869,3,0.476191,NO
13870,7,0.000036,NO
13871,4,0.000054,NO
13872,1,0.088184,NO
13873,1,0.000000,NO
13874,15,0.000109,NO
13875,1,0.088184,NO
13876,3,0.966542,NO
13877,1,0.681818,NO
13878,3,0.357144,NO
13879,4,0.000109,NO
13880,1,0.150603,NO
13881,0,0.000002,NO
13882,8,0.000006,NO
13883,7,0.000006,NO
13884,3,0.000003,NO
13885,8,0.000014,NO
13886,1,0.000001,NO
13887,1,0.088184,NO
13888,1,0.681818,NO
13889,7,0.000016,NO
13890,4,0.909088,NO
13891,1,0.000002,NO
13892,46,0.000109,NO
13893,11,0.000109,NO
13894,30,0.000109,NO
13895,1,0.000006,NO
13896,1,0.041237,NO
13897,2,0.277779,NO
13898,15,0.000109,NO
13899,1,0.000000,NO
13900,1,0.000001,NO
13901,21,0.999989,NO
13902,14,0.000109,NO
13903,3,0.000109,NO
13904,0,0.000003,NO
13905,4,0.000012,NO
13906,4,0.000008,NO
13907,0,0.000002,NO
13908,19,0.000109,NO
13909,10,0.000014,NO
13910,0,0.000109,NO
13911,6,0.000006,NO
13912,7,0.000109,NO
13913,1,0.000008,NO
13914,9,0.000036,NO
13915,6,0.357144,NO
13916,4,0.000006,NO
13917,18,0.000109,NO
13918,1,0.088184,NO
13919,1,0.041237,NO
13920,1,0.000000,NO
13921,0,0.141845,NO
13922,18,0.000109,NO
13923,1,0.150603,NO
13924,1,0.000001,NO
13925,0,0.000001,NO
13926,1,0.391062,NO
13927,1,0.000000,NO
13928,9,0.000109,NO
13929,4,0.000003,NO
13930,1,0.000001,NO
13931,7,0.000016,NO
13932,1,0.389611,NO
13933,1,0.681818,NO
13934,3,0.500000,NO
13935,1,0.000001,NO
13936,5,0.000054,NO
13937,0,0.000109,NO
13938,5,0.000109,NO
13939,5,0.000109,NO
13940,3,0.000005,NO
13941,25,0.000109,NO
13942,8,0.000109,NO
13943,2,0.000003,NO
13944,12,0.000109,NO
13945,1,0.088184,NO
13946,1,0.000000,NO
13947,4,0.000109,NO
13948,1,0.041237,NO
13949,6,0.000007,NO
13950,1,0.000001,NO
13951,3,0.000003,NO
13952,2,0.000109,NO
13953,2,0.000007,NO
13954,4,0.000008,NO
13955,1,0.000000,NO
13956,1,0.681818,NO
13957,0,0.141845,NO
13958,53,0.000109,NO
13959,7,0.999989,NO
13960,4,0.000008,NO
13961,0,0.000001,NO
13962,1,0.000109,NO
13963,3,0.000005,NO
13964,1,0.150603,NO
13965,5,0.000005,NO
13966,1,0.041237,NO
13967,3,0.000109,NO
13968,0,0.000001,NO
13969,5,0.000016,NO
13970,0,0.000001,NO
13971,1,0.088184,NO
13972,8,0.000109,NO
13973,4,0.000036,NO
13974,3,0.000006,NO
13975,0,0.000003,NO
13976,3,0.000011,NO
13977,1,0.000002,NO
13978,1,0.000018,NO
13979,3,0.000005,NO
13980,1,0.088184,NO
13981,2,0.000109,NO
13982,2,0.000022,NO
13983,1,0.088184,NO
13984,6,0.000014,NO
13985,14,0.000109,NO
13986,0,0.000054,NO
13987,11,0.000109,NO
13988,0,0.000002,NO
13989,1,0.000000,NO
13990,1,0.000027,NO
13991,3,0.000006,NO
13992,1,0.000001,NO
13993,1,0.088184,NO
13994,1,0.000001,NO
13995,1,0.150603,NO
13996,13,0.999989,NO
13997,7,0.000005,NO
13998,1,0.000004,NO
13999,0,0.000008,NO
14000,3,0.000010,NO
14001,8,0.000054,NO
14002,6,0.000007,NO
14003,1,0.041237,NO
14004,5,0.000010,NO
14005,1,0.000000,NO
14006,1,0.681818,NO
14007,1,0.088184,NO
14008,1,0.088184,NO
14009,1,0.088184,NO
14010,1,0.000109,NO
14011,15,0.000109,NO
14012,16,0.000109,NO
14013,4,0.714282,NO
14014,0,0.000004,NO
14015,9,0.000054,NO
14016,7,0.000109,NO
14017,0,0.000001,NO
14018,6,0.000109,NO
14019,5,0.000109,NO
14020,0,0.000109,NO
14021,1,0.000002,NO
14022,0,0.303032,NO
14023,28,0.000109,NO
14024,2,0.277779,NO
14025,1,0.000002,NO
14026,0,0.000002,NO
14027,1,0.000001,NO
14028,4,0.000003,NO
14029,0,0.000014,NO
14030,3,0.476191,NO
14031,2,0.000009,NO
14032,2,0.000003,NO
14033,1,0.088184,NO
14034,2,0.000009,NO
14035,1,0.088184,NO
14036,3,0.000054,NO
14037,0,0.000002,NO
14038,5,0.000054,NO
14039,5,0.999989,NO
14040,1,0.000003,NO
14041,1,0.041237,NO
14042,5,0.000016,NO
14043,2,0.000002,NO
14044,7,0.000109,NO
14045,5,0.000109,NO
14046,0,0.000002,NO
14047,14,0.000109,NO
14048,5,0.000054,NO
14049,35,0.000109,NO
14050,1,0.088184,NO
14051,0,0.000001,NO
14052,13,0.000109,NO
14053,29,0.000109,NO
14054,14,0.000109,NO
14055,3,0.000109,NO
14056,1,0.041237,NO
14057,1,0.000001,NO
14058,1,0.000000,NO
14059,1,0.681818,NO
14060,0,0.000002,NO
14061,9,0.645160,NO
14062,0,0.000007,NO
14063,11,0.000109,NO
14064,1,0.041237,NO
14065,2,0.000003,NO
14066,0,0.000002,NO
14067,16,0.000109,NO
14068,0,0.000002,NO
14069,1,0.088184,NO
14070,3,0.000003,NO
14071,1,0.681818,NO
14072,7,0.000014,NO
14073,1,0.000001,NO
14074,7,0.000007,NO
14075,8,0.000109,NO
14076,1,0.389611,NO
14077,8,0.000016,NO
14078,6,0.000109,NO
14079,0,0.000002,NO
14080,6,0.000109,NO
14081,4,0.000054,NO
14082,1,0.000001,NO
14083,2,0.000007,NO
14084,6,0.000007,NO
14085,1,0.681818,NO
14086,3,0.000004,NO
14087,10,0.000036,NO
14088,7,0.000009,NO
14089,4,0.000016,NO
14090,11,0.000109,NO
14091,2,0.000003,NO
14092,8,0.000109,NO
14093,1,0.041237,NO
14094,3,0.000004,NO
14095,5,0.000036,NO
14096,5,0.000109,NO
14097,4,0.000022,NO
14098,3,0.000054,NO
14099,1,0.000000,NO
14100,1,0.000002,NO
14101,2,0.769229,NO
14102,19,0.000109,NO
14103,0,0.000002,NO
14104,1,0.000000,NO
14105,4,0.000005,NO
14106,0,0.000002,NO
14107,1,0.000000,NO
14108,1,0.000003,NO
14109,10,0.000022,NO
14110,3,0.256412,NO
14111,1,0.000000,NO
14112,8,0.000036,NO
14113,11,0.000109,NO
14114,1,0.088184,NO
14115,1,0.000001,NO
14116,6,0.000018,NO
14117,9,0.645160,NO
14118,6,0.000109,NO
14119,8,0.000016,NO
14120,3,0.400001,NO
14121,27,0.000109,NO
14122,1,0.041237,NO
14123,1,0.041237,NO
14124,0,0.000008,NO
14125,1,0.000016,NO
14126,1,0.000000,NO
14127,0,0.000002,NO
14128,3,0.256412,NO
14129,1,0.357144,NO
14130,0,0.000010,NO
14131,4,0.000003,NO
14132,5,0.000027,NO
14133,3,0.000010,NO
14134,6,0.000005,NO
14135,1,0.041237,NO
14136,1,0.150603,NO
14137,1,0.000000,NO
14138,1,0.088184,NO
14139,7,0.000005,NO
14140,1,0.041237,NO
14141,1,0.150603,NO
14142,2,0.000109,NO
14143,0,0.000004,NO
14144,0,0.000001,NO
14145,1,0.088184,NO
14146,1,0.000054,NO
14147,1,0.000109,NO
14148,1,0.088184,NO
14149,0,0.000002,NO
14150,6,0.000018,NO
14151,1,0.307693,NO
14152,6,0.000109,NO
14153,0,0.000002,NO
14154,1,0.150603,NO
14155,0,0.000109,NO
14156,6,0.000109,NO
14157,4,0.000109,NO
14158,9,0.000109,NO
14159,20,0.000109,NO
14160,4,0.000022,NO
14161,14,0.000109,NO
14162,16,0.000109,NO
14163,8,0.000109,NO
14164,6,0.000109,NO
14165,1,0.000000,NO
14166,27,0.000109,NO
14167,1,0.000016,NO
14168,0,0.000002,NO
14169,5,0.000005,NO
14170,1,0.714282,NO
14171,1,0.000003,NO
14172,0,0.000002,NO
14173,1,0.389611,NO
14174,4,0.000012,NO
14175,0,0.000003,NO
14176,8,0.000109,NO
14177,35,0.000109,NO
14178,0,0.000001,NO
14179,1,0.000005,NO
14180,1,0.088184,NO
14181,1,0.000000,NO
14182,5,0.000027,NO
14183,8,0.000022,NO
14184,1,0.000002,NO
14185,12,0.000109,NO
14186,3,0.000006,NO
14187,4,0.000011,NO
14188,1,0.000001,NO
14189,4,0.000003,NO
14190,2,0.000004,NO
14191,17,0.000109,NO
14192,1,0.000000,NO
14193,1,0.088184,NO
14194,0,0.000001,NO
14195,1,0.088184,NO
14196,6,0.000109,NO
14197,0,0.000054,NO
14198,1,0.041237,NO
14199,4,0.000007,NO
14200,2,0.000022,NO
14201,12,0.000109,NO
14202,1,0.000109,NO
14203,1,0.041237,NO
14204,7,0.000109,NO
14205,4,0.000010,NO
14206,1,0.681818,NO
14207,0,0.000002,NO
14208,1,0.041237,NO
14209,4,0.999989,NO
14210,10,0.000036,NO
14211,4,0.000008,NO
14212,7,0.000109,NO
14213,0,0.000003,NO
14214,3,0.000109,NO
14215,1,0.041237,NO
14216,18,0.000109,NO
14217,1,0.088184,NO
14218,1,0.000001,NO
14219,2,0.000109,NO
14220,29,0.000109,NO
14221,1,0.000010,NO
14222,0,0.000005,NO
14223,1,0.150603,NO
14224,1,0.000027,NO
14225,7,0.000036,NO
14226,2,0.000054,NO
14227,1,0.000000,NO
14228,9,0.000109,NO
14229,32,0.000109,NO
14230,0,0.000001,NO
14231,1,0.000109,NO
14232,1,0.681818,NO
14233,11,0.999989,NO
14234,4,0.000036,NO
14235,2,0.000054,NO
14236,1,0.041237,NO
14237,0,0.000054,NO
14238,6,0.962962,NO
14239,0,0.000109,NO
14240,1,0.681818,NO
14241,3,0.000004,NO
14242,4,0.000027,NO
14243,11,0.000109,NO
14244,1,0.150603,NO
14245,0,0.000009,NO
14246,2,0.000010,NO
14247,1,0.150603,NO
14248,1,0.000000,NO
14249,1,0.041237,NO
14250,1,0.041237,NO
14251,0,0.000003,NO
14252,23,0.000109,NO
14253,1,0.088184,NO
14254,1,0.391062,NO
14255,25,0.000109,NO
14256,3,0.000109,NO
14257,10,0.000022,NO
14258,1,0.000001,NO
14259,3,0.000004,NO
14260,1,0.000001,NO
14261,0,0.000002,NO
14262,13,0.909083,NO
14263,1,0.000000,NO
14264,1,0.000000,NO
14265,2,0.142858,NO
14266,15,0.000109,NO
14267,16,0.999989,NO
14268,21,0.000109,NO
14269,0,0.141845,NO
14270,1,0.000054,NO
14271,1,0.088184,NO
14272,6,0.000007,NO
14273,43,0.000054,NO
14274,2,0.000018,NO
14275,19,0.999989,NO
14276,0,0.000001,NO
14277,11,0.000109,NO
14278,5,0.000109,NO
14279,5,0.714282,NO
14280,1,0.041237,NO
14281,1,0.088184,NO
14282,0,0.000003,NO
14283,1,0.041237,NO
14284,1,0.000004,NO
14285,1,0.000000,NO
14286,0,0.000002,NO
14287,1,0.041237,NO
14288,0,0.000001,NO
14289,4,0.000016,NO
14290,1,0.000001,NO
14291,1,0.000000,NO
14292,9,0.000109,NO
14293,1,0.681818,NO
14294,1,0.150603,NO
14295,3,0.357144,NO
14296,2,0.000003,NO
14297,12,0.000109,NO
14298,9,0.999989,NO
14299,1,0.000000,NO
14300,0,0.000007,NO
14301,3,0.000109,NO
14302,3,0.000004,NO
14303,20,0.000109,NO
14304,0,0.000054,NO
14305,1,0.681818,NO
14306,1,0.150603,NO
14307,0,0.141845,NO
14308,0,0.000005,NO
14309,3,0.000004,NO
14310,9,0.000109,NO
14311,4,0.000109,NO
14312,3,0.256412,NO
14313,3,0.000054,NO
14314,0,0.000007,NO
14315,0,0.000002,NO
14316,7,0.000109,NO
14317,0,0.000003,NO
14318,10,0.000109,NO
14319,16,0.000109,NO
14320,1,0.000109,NO
14321,21,0.000109,NO
14322,1,0.000003,NO
14323,1,0.681818,NO
14324,2,0.000109,NO
14325,9,0.000109,NO
14326,0,0.000003,NO
14327,1,0.000001,NO
14328,0,0.000001,NO
14329,6,0.000006,NO
14330,1,0.000001,NO
14331,0,0.000001,NO
14332,0,0.000001,NO
14333,0,0.000007,NO
14334,15,0.000012,NO
14335,0,0.000003,NO
14336,2,0.142858,NO
14337,1,0.000001,NO
14338,4,0.000014,NO
14339,0,0.000007,NO
14340,9,0.000109,NO
14341,27,0.000109,NO
14342,4,0.000003,NO
14343,7,0.000109,NO
14344,41,0.000054,NO
14345,4,0.000006,NO
14346,1,0.000000,NO
14347,1,0.000000,NO
14348,1,0.000002,NO
14349,1,0.041237,NO
14350,1,0.088184,NO
14351,4,0.000008,NO
14352,15,0.000109,NO
14353,14,0.000109,NO
14354,47,0.999989,NO
14355,1,0.088184,NO
14356,4,0.000004,NO
14357,1,0.000000,NO
14358,1,0.681818,NO
14359,1,0.000005,NO
14360,0,0.141845,NO
14361,0,0.000012,NO
14362,1,0.000014,NO
14363,1,0.681818,NO
14364,2,0.384616,NO
14365,52,0.000109,NO
14366,0,0.000001,NO
14367,1,0.000000,NO
14368,10,0.000109,NO
14369,0,0.000002,NO
14370,0,0.000005,NO
14371,7,0.000109,NO
14372,0,0.000003,NO
14373,1,0.088184,NO
14374,3,0.000109,NO
14375,1,0.000005,NO
14376,5,0.000109,NO
14377,6,0.000006,NO
14378,0,0.000001,NO
14379,1,0.000000,NO
14380,12,0.000109,NO
14381,3,0.000004,NO
14382,7,0.999989,NO
14383,1,0.088184,NO
14384,5,0.000109,NO
14385,12,0.999989,NO
14386,1,0.000000,NO
14387,7,0.000109,NO
14388,37,0.000109,NO
14389,1,0.000054,NO
14390,1,0.681818,NO
14391,6,0.000007,NO
14392,28,0.000109,NO
14393,2,0.142858,NO
14394,4,0.000005,NO
14395,7,0.909083,NO
14396,1,0.000036,NO
14397,4,0.000109,NO
14398,36,0.000109,NO
14399,1,0.000002,NO
14400,22,0.000109,NO
14401,0,0.000002,NO
14402,1,0.000000,NO
14403,1,0.391062,NO
14404,0,0.000005,NO
14405,4,0.000054,NO
14406,1,0.000001,NO
14407,10,0.000109,NO
14408,1,0.000000,NO
14409,0,0.000004,NO
14410,0,0.000004,NO
14411,6,0.000006,NO
14412,6,0.000005,NO
14413,2,0.000004,NO
14414,3,0.256412,NO
14415,15,0.000109,NO
14416,24,0.000109,NO
14417,1,0.041237,NO
14418,1,0.000109,NO
14419,8,0.000006,NO
14420,12,0.000109,NO
14421,1,0.088184,NO
14422,1,0.041237,NO
14423,4,0.000008,NO
14424,1,0.000000,NO
14425,1,0.307693,NO
14426,4,0.000036,NO
14427,32,0.000109,NO
14428,1,0.391062,NO
14429,4,0.000054,NO
14430,14,0.000109,NO
14431,1,0.150603,NO
14432,0,0.000004,NO
14433,6,0.000007,NO
14434,1,0.000001,NO
14435,1,0.391062,NO
14436,15,0.000054,NO
14437,22,0.000109,NO
14438,1,0.000012,NO
14439,1,0.000011,NO
14440,0,0.000002,NO
14441,27,0.000109,NO
14442,1,0.088184,NO
14443,6,0.000109,NO
14444,1,0.041237,NO
14445,1,0.088184,NO
14446,7,0.000009,NO
14447,1,0.000003,NO
14448,1,0.041237,NO
14449,0,0.000003,NO
14450,1,0.088184,NO
14451,17,0.000109,NO
14452,4,0.000008,NO
14453,1,0.391062,NO
14454,1,0.088184,NO
14455,17,0.000109,NO
14456,0,0.000003,NO
14457,0,0.000001,NO
14458,0,0.000002,NO
14459,15,0.000109,NO
14460,15,0.000109,NO
14461,15,0.000109,NO
14462,17,0.000109,NO
14463,8,0.000011,NO
14464,1,0.088184,NO
14465,1,0.088184,NO
14466,5,0.714282,NO
14467,1,0.041237,NO
14468,2,0.270272,NO
14469,1,0.357144,NO
14470,1,0.000002,NO
14471,1,0.000109,NO
14472,7,0.000109,NO
14473,0,0.000003,NO
14474,7,0.000054,NO
14475,1,0.150603,NO
14476,6,0.000006,NO
14477,4,0.000022,NO
14478,7,0.000005,NO
14479,1,0.000009,NO
14480,8,0.000054,NO
14481,1,0.088184,NO
14482,0,0.000005,NO
14483,2,0.000009,NO
14484,8,0.000109,NO
14485,0,0.000003,NO
14486,2,0.000109,NO
14487,8,0.909083,NO
14488,0,0.000014,NO
14489,5,0.000109,NO
14490,3,0.500000,NO
14491,9,0.000109,NO
14492,6,0.000007,NO
14493,1,0.000000,NO
14494,2,0.000010,NO
14495,14,0.000109,NO
14496,1,0.681818,NO
14497,6,0.000007,NO
14498,4,0.000007,NO
14499,0,0.000109,NO
14500,0,0.000022,NO
14501,7,0.000109,NO
14502,22,0.999989,NO
14503,2,0.270272,NO
14504,1,0.000012,NO
14505,1,0.000001,NO
14506,6,0.000054,NO
14507,1,0.088184,NO
14508,1,0.000000,NO
14509,1,0.041237,NO
14510,0,0.141845,NO
14511,7,0.000109,NO
14512,19,0.000109,NO
14513,0,0.000001,NO
14514,0,0.000001,NO
14515,1,0.000109,NO
14516,0,0.000012,NO
14517,7,0.000027,NO
14518,1,0.088184,NO
14519,3,0.000005,NO
14520,4,0.000022,NO
14521,1,0.000001,NO
14522,1,0.681818,NO
14523,7,0.000009,NO
14524,1,0.000000,NO
14525,2,0.454546,NO
14526,1,0.088184,NO
14527,8,0.000109,NO
14528,21,0.000109,NO
14529,0,0.000003,NO
14530,1,0.000001,NO
14531,1,0.000001,NO
14532,10,0.000022,NO
14533,8,0.000022,NO
14534,2,0.606060,NO
14535,10,0.000109,NO
14536,6,0.000109,NO
14537,26,0.000054,NO
14538,1,0.999989,NO
14539,1,0.000000,NO
14540,1,0.000001,NO
14541,1,0.000001,NO
14542,8,0.000054,NO
14543,10,0.000054,NO
14544,7,0.000016,NO
14545,1,0.150603,NO
14546,6,0.000109,NO
14547,8,0.000109,NO
14548,7,0.000022,NO
14549,9,0.000109,NO
14550,8,0.000109,NO
14551,5,0.000008,NO
14552,1,0.000022,NO
14553,4,0.000109,NO
14554,25,0.000109,NO
14555,0,0.000003,NO
14556,3,0.000005,NO
14557,3,0.000054,NO
14558,1,0.000054,NO
14559,7,0.000109,NO
14560,1,0.000001,NO
14561,17,0.000109,NO
14562,6,0.000012,NO
14563,0,0.000001,NO
14564,1,0.681818,NO
14565,0,0.000022,NO
14566,1,0.000016,NO
14567,7,0.000027,NO
14568,1,0.041237,NO
14569,2,0.000010,NO
14570,2,0.606060,NO
14571,15,0.000109,NO
14572,1,0.041237,NO
14573,7,0.000109,NO
14574,6,0.000109,NO
14575,11,0.000109,NO
14576,14,0.000109,NO
14577,9,0.000012,NO
14578,0,0.000002,NO
14579,5,0.000016,NO
14580,1,0.000001,NO
14581,0,0.000003,NO
14582,4,0.000014,NO
14583,7,0.000109,NO
14584,6,0.000109,NO
14585,7,0.000109,NO
14586,0,0.000003,NO
14587,12,0.000109,NO
14588,83,0.000109,NO
14589,10,0.000109,NO
14590,17,0.000109,NO
14591,39,0.999989,NO
14592,1,0.088184,NO
14593,0,0.000036,NO
14594,0,0.000001,NO
14595,4,0.000008,NO
14596,0,0.000002,NO
14597,12,0.000109,NO
14598,4,0.000003,NO
14599,1,0.088184,NO
14600,1,0.088184,NO
14601,14,0.000109,NO
14602,3,0.000006,NO
14603,1,0.681818,NO
14604,7,0.000109,NO
14605,1,0.681818,NO
14606,1,0.088184,NO
14607,4,0.000004,NO
14608,2,0.526315,NO
14609,0,0.000003,NO
14610,0,0.141845,NO
14611,0,0.000007,NO
14612,1,0.000005,NO
14613,1,0.681818,NO
14614,15,0.000109,NO
14615,1,0.681818,NO
14616,1,0.681818,NO
14617,1,0.000000,NO
14618,6,0.000109,NO
14619,6,0.000007,NO
14620,2,0.000011,NO
14621,1,0.000000,NO
14622,7,0.000005,NO
14623,1,0.088184,NO
14624,2,0.606060,NO
14625,1,0.000000,NO
14626,2,0.000004,NO
14627,1,0.999989,NO
14628,6,0.000109,NO
14629,0,0.000010,NO
14630,1,0.000001,NO
14631,1,0.000000,NO
14632,1,0.000003,NO
14633,0,0.000109,NO
14634,0,0.000008,NO
14635,1,0.000001,NO
14636,7,0.000109,NO
14637,1,0.000000,NO
14638,3,0.000036,NO
14639,11,0.000109,NO
14640,0,0.000012,NO
14641,1,0.000001,NO
14642,1,0.000109,NO
14643,1,0.000001,NO
14644,0,0.000014,NO
14645,9,0.000109,NO
14646,1,0.088184,NO
14647,1,0.000001,NO
14648,0,0.000002,NO
14649,0,0.141845,NO
14650,3,0.000109,NO
14651,1,0.088184,NO
14652,1,0.000000,NO
14653,3,0.400001,NO
14654,7,0.000036,NO
14655,0,0.000002,NO
14656,4,0.000008,NO
14657,4,0.962963,NO
14658,2,0.000008,NO
14659,8,0.000054,NO
14660,1,0.150603,NO
14661,0,0.000002,NO
14662,3,0.000004,NO
14663,1,0.389611,NO
14664,4,0.000109,NO
14665,6,0.000109,NO
14666,64,0.000109,NO
14667,0,0.000001,NO
14668,1,0.150603,NO
14669,4,0.689654,NO
14670,4,0.000008,NO
14671,10,0.000109,NO
14672,2,0.000054,NO
14673,1,0.000001,NO
14674,1,0.681818,NO
14675,22,0.000109,NO
14676,14,0.000109,NO
14677,0,0.000054,NO
14678,8,0.000022,NO
14679,14,0.999989,NO
14680,1,0.088184,NO
14681,1,0.041237,NO
14682,1,0.000001,NO
14683,3,0.000006,NO
14684,7,0.000109,NO
14685,12,0.000109,NO
14686,0,0.000109,NO
14687,0,0.000003,NO
14688,1,0.391062,YES
14689,2,0.714282,YES
14690,1,0.681818,YES
14691,16,0.000109,YES
14692,9,0.000109,YES
14693,34,0.000109,YES
14694,10,0.000109,YES
14695,1,0.389611,YES
14696,1,0.681818,YES
14697,29,0.999989,YES
14698,21,0.000109,YES
14699,4,0.862068,YES
14700,3,0.966542,YES
14701,3,0.000036,YES
14702,21,0.000109,YES
14703,29,0.000109,YES
14704,67,0.000109,YES
14705,3,0.000109,YES
14706,24,0.000109,YES
14707,13,0.000109,YES
14708,28,0.000109,YES
14709,1,0.999989,YES
14710,17,0.000109,YES
14711,7,0.000109,YES
14712,34,0.000109,YES
14713,2,0.606060,YES
14714,26,0.000109,YES
14715,42,0.000109,YES
14716,25,0.999989,YES
14717,3,0.966542,YES
14718,1,0.681818,YES
14719,11,0.000109,YES
14720,18,0.000109,YES
14721,42,0.000109,YES
14722,1,0.000001,YES
14723,9,0.999989,YES
14724,5,0.000005,YES
14725,3,0.966542,YES
14726,10,0.000109,YES
14727,27,0.000109,YES
14728,13,0.909083,YES
14729,16,0.000109,YES
14730,1,0.681818,YES
14731,34,0.000109,YES
14732,71,0.000109,YES
14733,1,0.307693,YES
14734,31,0.000109,YES
14735,11,0.000109,YES
14736,5,0.959595,YES
14737,8,0.000109,YES
14738,1,0.681818,YES
14739,0,0.909083,YES
14740,14,0.000109,YES
14741,1,0.681818,YES
14742,4,0.000014,YES
14743,19,0.000109,YES
14744,15,0.000109,YES
14745,23,0.999989,YES
14746,17,0.000054,YES
14747,8,0.000109,YES
14748,10,0.000109,YES
14749,1,0.571428,YES
14750,51,0.000109,YES
14751,31,0.000109,YES
14752,8,0.000109,YES
14753,1,0.571428,YES
14754,13,0.000109,YES
14755,43,0.000109,YES
14756,50,0.999989,YES
14757,117,0.000109,YES
14758,10,0.000109,YES
14759,2,0.606060,YES
14760,16,0.000109,YES
